local Players = game:GetService("Players")
local TweenService = game:GetService("TweenService")

local LocalPlayer = Players.LocalPlayer
local Character = LocalPlayer.Character or LocalPlayer.CharacterAdded:Wait()
local Humanoid = Character:WaitForChild("Humanoid")

local RunService = game:GetService("RunService")

local CurrentAnimation = nil
local Running = false

Character.Animate.Enabled = false

local Animator = Humanoid:FindFirstChildOfClass("Animator") or Instance.new("Animator", Humanoid)

for _, v in pairs(Animator:GetPlayingAnimationTracks()) do
	v:Stop()
end

local Motor6DMap = {
	["Torso"] = "RootJoint",
	["Left Arm"] = "Left Shoulder",
	["Right Arm"] = "Right Shoulder",
	["Left Leg"] = "Left Hip",
	["Right Leg"] = "Right Hip"
}

local Motors = {}
for PartName, MotorName in pairs(Motor6DMap) do
	local Motor = Character:FindFirstChild(MotorName, true)
	if Motor then
		Motors[PartName] = {
			Motor = Motor,
			OriginalC0 = Motor.C0
		}
	end
end

-- Stores all running animations
local ActiveAnimations = {}

local function BuildPartAnimations(AnimationTable)
	local PartAnimations = {}
	local SortedTimestamps = {}
	for Timestamp in pairs(AnimationTable) do
		table.insert(SortedTimestamps, Timestamp)
	end
	table.sort(SortedTimestamps)

	for _, Timestamp in ipairs(SortedTimestamps) do
		local Poses = AnimationTable[Timestamp]
		for PartName, PoseData in pairs(Poses) do
			if not PartAnimations[PartName] then
				PartAnimations[PartName] = {}
			end
			table.insert(PartAnimations[PartName], {
				Timestamp,
				PoseData.CFrame,
				PoseData.Style or Enum.EasingStyle.Linear,
				PoseData.Direction or Enum.EasingDirection.In
			})
		end
	end
	return PartAnimations
end

function PlayAnimation(Name, AnimationTable, Loop, Speed)
	Speed = Speed or 1
	Loop = Loop ~= false
	StopAnimation(Name)

	local PartAnimations = BuildPartAnimations(AnimationTable)
	ActiveAnimations[Name] = {}

	for PartName, Keyframes in pairs(PartAnimations) do
		if Motors[PartName] then
			local Thread = task.spawn(function()
				while Loop do
					for i = 1, #Keyframes do
						local Frame = Keyframes[i]
						local PrevFrame = Keyframes[i - 1]
						local Duration = (Frame[1] - (PrevFrame and PrevFrame[1] or 0)) / Speed
						local TweenInfoObj = TweenInfo.new(Duration, Frame[3], Frame[4])
						local Tween = TweenService:Create(
							Motors[PartName].Motor,
							TweenInfoObj,
							{C0 = Motors[PartName].OriginalC0 * Frame[2]}
						)
						Tween:Play()
						task.wait(Duration)
					end
					task.wait()
				end
			end)
			ActiveAnimations[Name][PartName] = Thread
		end
	end
end

local function TransitionAnimation(NewAnimTable, Duration)
	local FirstTimestamp = math.huge
	for Timestamp in pairs(NewAnimTable) do
		if Timestamp < FirstTimestamp then
			FirstTimestamp = Timestamp
		end
	end

	for PartName, MotorData in pairs(Motors) do
		local PoseData = NewAnimTable[FirstTimestamp] and NewAnimTable[FirstTimestamp][PartName]
		if PoseData then
			local TargetC0 = MotorData.OriginalC0 * PoseData.CFrame
			local TweenInfoObj = TweenInfo.new(Duration, Enum.EasingStyle.Linear, Enum.EasingDirection.InOut)
			local Tween = TweenService:Create(MotorData.Motor, TweenInfoObj, {C0 = TargetC0})
			Tween:Play()
		end
	end

	task.wait(Duration)
end

function StopAnimation(Name)
	local Anim = ActiveAnimations[Name]
	if Anim then
		for _, Thread in pairs(Anim) do
			task.cancel(Thread)
		end
		ActiveAnimations[Name] = nil
	end
end

function StopAllAnimations()
	for Name in pairs(ActiveAnimations) do
		StopAnimation(Name)
	end
end

local CleanGroove = {
	[0] = {
		["Torso"] = {["CFrame"] = CFrame.new(-0, -0.156, 0.005, 1, 0, -0, -0, 0.98, -0.199, 0, 0.199, 0.98)},
		["Head"] = {["CFrame"] = CFrame.new(0, 0, 0.018, 1, -0, -0, 0, 0.979, 0.202, -0, -0.202, 0.979)},
		["Left Arm"] = {["CFrame"] = CFrame.new(0.18, 0.113, 0.125, 0.207, 0.817, -0.537, -0.97, 0.243, -0.005, 0.127, 0.522, 0.843)},
		["Left Leg"] = {["CFrame"] = CFrame.new(0.098, -0.019, -0.017, 0.958, 0.224, 0.18, -0.22, 0.975, -0.042, -0.185, 0, 0.983)},
		["Right Arm"] = {["CFrame"] = CFrame.new(0.114, 0.076, -0.127, 0.414, -0.581, 0.701, 0.817, 0.576, -0.005, -0.401, 0.575, 0.714)},
		["Right Leg"] = {["CFrame"] = CFrame.new(-0.107, -0.016, -0.019, 0.96, -0.224, -0.166, 0.221, 0.974, -0.038, 0.17, 0, 0.985)},
	},
	[0.033] = {
		["Torso"] = {["CFrame"] = CFrame.new(-0, -0.153, -0.012, 1, 0, -0, -0, 0.98, -0.199, 0, 0.199, 0.98)},
		["Head"] = {["CFrame"] = CFrame.new(0, -0, 0.018, 1, -0.006, -0.002, 0.006, 0.979, 0.202, 0.001, -0.202, 0.979)},
		["Left Arm"] = {["CFrame"] = CFrame.new(0.2, 0.069, 0.136, 0.237, 0.804, -0.546, -0.959, 0.285, 0.002, 0.157, 0.522, 0.838)},
		["Left Leg"] = {["CFrame"] = CFrame.new(0.098, -0.019, -0.017, 0.957, 0.226, 0.18, -0.223, 0.974, -0.042, -0.184, 0, 0.983)},
		["Right Arm"] = {["CFrame"] = CFrame.new(0.115, 0.071, -0.121, 0.404, -0.585, 0.704, 0.799, 0.6, 0.041, -0.446, 0.546, 0.709)},
		["Right Leg"] = {["CFrame"] = CFrame.new(-0.111, -0.017, -0.02, 0.959, -0.227, -0.171, 0.223, 0.974, -0.04, 0.176, 0, 0.984)},
	},
	[0.067] = {
		["Torso"] = {["CFrame"] = CFrame.new(-0, -0.142, -0.065, 1, 0, -0, -0, 0.98, -0.199, 0, 0.199, 0.98)},
		["Head"] = {["CFrame"] = CFrame.new(0, -0, 0.018, 1, -0.023, -0.007, 0.024, 0.979, 0.202, 0.002, -0.202, 0.979)},
		["Left Arm"] = {["CFrame"] = CFrame.new(0.224, -0.038, 0.151, 0.323, 0.774, -0.545, -0.922, 0.386, 0.001, 0.212, 0.502, 0.838)},
		["Left Leg"] = {["CFrame"] = CFrame.new(-0.154, 0.06, 0.032, 0.98, 0.095, 0.177, -0.089, 0.995, -0.042, -0.18, 0.026, 0.983)},
		["Right Arm"] = {["CFrame"] = CFrame.new(0.12, 0.062, -0.103, 0.403, -0.612, 0.68, 0.749, 0.648, 0.139, -0.525, 0.453, 0.72)},
		["Right Leg"] = {["CFrame"] = CFrame.new(0.155, 0.068, 0.03, 0.981, -0.087, -0.172, 0.081, 0.996, -0.041, 0.175, 0.026, 0.984)},
	},
	[0.1] = {
		["Torso"] = {["CFrame"] = CFrame.new(-0, -0.128, -0.136, 1, 0, -0, -0, 0.98, -0.199, 0, 0.199, 0.98)},
		["Head"] = {["CFrame"] = CFrame.new(0, -0, 0.018, 0.999, -0.051, -0.015, 0.053, 0.978, 0.2, 0.004, -0.201, 0.98)},
		["Left Arm"] = {["CFrame"] = CFrame.new(0.243, -0.142, 0.163, 0.408, 0.736, -0.54, -0.876, 0.483, -0.003, 0.258, 0.474, 0.842)},
		["Left Leg"] = {["CFrame"] = CFrame.new(-0.317, 0.139, 0.064, 0.985, 0.01, 0.174, -0.003, 0.999, -0.043, -0.174, 0.042, 0.984)},
		["Right Arm"] = {["CFrame"] = CFrame.new(0.125, 0.055, -0.084, 0.412, -0.64, 0.648, 0.693, 0.682, 0.234, -0.592, 0.353, 0.725)},
		["Right Leg"] = {["CFrame"] = CFrame.new(0.309, 0.144, 0.062, 0.985, -0.005, -0.174, -0.002, 0.999, -0.044, 0.174, 0.043, 0.984)},
	},
	[0.133] = {
		["Torso"] = {["CFrame"] = CFrame.new(-0, -0.115, -0.2, 1, 0, -0, -0, 0.98, -0.199, 0, 0.199, 0.98)},
		["Head"] = {["CFrame"] = CFrame.new(0, -0, 0.018, 0.996, -0.086, -0.025, 0.089, 0.976, 0.198, 0.008, -0.199, 0.98)},
		["Left Arm"] = {["CFrame"] = CFrame.new(0.25, -0.181, 0.168, 0.439, 0.72, -0.537, -0.855, 0.518, -0.005, 0.275, 0.462, 0.843)},
		["Left Leg"] = {["CFrame"] = CFrame.new(-0.411, 0.2, 0.082, 0.985, -0.039, 0.171, 0.047, 0.998, -0.044, -0.169, 0.052, 0.984)},
		["Right Arm"] = {["CFrame"] = CFrame.new(0.127, 0.053, -0.076, 0.417, -0.65, 0.635, 0.669, 0.692, 0.27, -0.615, 0.313, 0.724)},
		["Right Leg"] = {["CFrame"] = CFrame.new(0.392, 0.203, 0.086, 0.982, 0.042, -0.185, -0.052, 0.998, -0.048, 0.182, 0.057, 0.982)},
	},
	[0.167] = {
		["Torso"] = {["CFrame"] = CFrame.new(-0, -0.102, -0.265, 1, 0.011, -0, -0.011, 0.98, -0.199, -0.002, 0.199, 0.98)},
		["Head"] = {["CFrame"] = CFrame.new(0, -0, 0.018, 0.993, -0.113, -0.036, 0.118, 0.974, 0.194, 0.013, -0.197, 0.98)},
		["Left Arm"] = {["CFrame"] = CFrame.new(0.25, -0.174, 0.161, 0.414, 0.721, -0.555, -0.876, 0.481, -0.03, 0.245, 0.499, 0.831)},
		["Left Leg"] = {["CFrame"] = CFrame.new(-0.447, 0.252, 0.127, 0.971, -0.076, 0.225, 0.091, 0.994, -0.057, -0.22, 0.076, 0.973)},
		["Right Arm"] = {["CFrame"] = CFrame.new(0.099, 0.059, -0.048, 0.409, -0.665, 0.625, 0.686, 0.676, 0.271, -0.602, 0.318, 0.732)},
		["Right Leg"] = {["CFrame"] = CFrame.new(0.427, 0.252, 0.126, 0.971, 0.072, -0.227, -0.089, 0.994, -0.065, 0.221, 0.083, 0.972)},
	},
	[0.2] = {
		["Torso"] = {["CFrame"] = CFrame.new(0, -0.085, -0.345, 0.999, 0.041, -0, -0.04, 0.979, -0.199, -0.008, 0.198, 0.98)},
		["Head"] = {["CFrame"] = CFrame.new(0, -0, 0.018, 0.992, -0.117, -0.046, 0.124, 0.974, 0.189, 0.023, -0.193, 0.981)},
		["Left Arm"] = {["CFrame"] = CFrame.new(0.251, -0.151, 0.142, 0.346, 0.716, -0.606, -0.925, 0.367, -0.095, 0.154, 0.594, 0.789)},
		["Left Leg"] = {["CFrame"] = CFrame.new(-0.405, 0.299, 0.23, 0.923, -0.102, 0.372, 0.145, 0.985, -0.091, -0.357, 0.138, 0.924)},
		["Right Arm"] = {["CFrame"] = CFrame.new(0.017, 0.078, 0.029, 0.384, -0.704, 0.597, 0.729, 0.628, 0.271, -0.566, 0.331, 0.755)},
		["Right Leg"] = {["CFrame"] = CFrame.new(0.416, 0.298, 0.196, 0.947, 0.087, -0.308, -0.124, 0.987, -0.103, 0.295, 0.135, 0.946)},
	},
	[0.233] = {
		["Torso"] = {["CFrame"] = CFrame.new(-0, -0.07, -0.423, 0.997, 0.08, -0, -0.079, 0.977, -0.199, -0.016, 0.198, 0.98)},
		["Head"] = {["CFrame"] = CFrame.new(0, -0, 0.018, 0.993, -0.106, -0.054, 0.114, 0.976, 0.184, 0.033, -0.188, 0.982)},
		["Left Arm"] = {["CFrame"] = CFrame.new(0.256, -0.12, 0.122, 0.262, 0.69, -0.674, -0.965, 0.204, -0.166, 0.023, 0.694, 0.719)},
		["Left Leg"] = {["CFrame"] = CFrame.new(-0.3, 0.334, 0.341, 0.84, -0.101, 0.533, 0.197, 0.972, -0.127, -0.505, 0.212, 0.837)},
		["Right Arm"] = {["CFrame"] = CFrame.new(-0.089, 0.102, 0.13, 0.349, -0.752, 0.56, 0.781, 0.563, 0.269, -0.517, 0.344, 0.784)},
		["Right Leg"] = {["CFrame"] = CFrame.new(0.38, 0.332, 0.266, 0.92, 0.085, -0.382, -0.151, 0.978, -0.146, 0.361, 0.192, 0.913)},
	},
	[0.267] = {
		["Torso"] = {["CFrame"] = CFrame.new(-0, -0.059, -0.475, 0.994, 0.111, -0, -0.108, 0.974, -0.199, -0.022, 0.197, 0.98)},
		["Head"] = {["CFrame"] = CFrame.new(0, -0, 0.018, 0.994, -0.093, -0.058, 0.102, 0.979, 0.178, 0.04, -0.183, 0.982)},
		["Left Arm"] = {["CFrame"] = CFrame.new(0.262, -0.093, 0.111, 0.203, 0.656, -0.727, -0.975, 0.071, -0.209, -0.086, 0.751, 0.655)},
		["Left Leg"] = {["CFrame"] = CFrame.new(-0.203, 0.354, 0.406, 0.767, -0.086, 0.636, 0.231, 0.961, -0.149, -0.599, 0.262, 0.757)},
		["Right Arm"] = {["CFrame"] = CFrame.new(-0.171, 0.121, 0.208, 0.318, -0.786, 0.531, 0.819, 0.51, 0.264, -0.478, 0.35, 0.805)},
		["Right Leg"] = {["CFrame"] = CFrame.new(0.351, 0.351, 0.31, 0.903, 0.077, -0.422, -0.166, 0.97, -0.178, 0.396, 0.231, 0.889)},
	},
	[0.3] = {
		["Torso"] = {["CFrame"] = CFrame.new(-0, -0.056, -0.492, 0.993, 0.121, -0, -0.119, 0.973, -0.199, -0.024, 0.197, 0.98)},
		["Head"] = {["CFrame"] = CFrame.new(0, -0, 0.018, 0.994, -0.088, -0.059, 0.097, 0.98, 0.173, 0.043, -0.178, 0.983)},
		["Left Arm"] = {["CFrame"] = CFrame.new(0.265, -0.084, 0.108, 0.184, 0.642, -0.744, -0.975, 0.023, -0.221, -0.125, 0.766, 0.63)},
		["Left Leg"] = {["CFrame"] = CFrame.new(-0.166, 0.36, 0.424, 0.74, -0.078, 0.668, 0.242, 0.958, -0.156, -0.628, 0.277, 0.727)},
		["Right Arm"] = {["CFrame"] = CFrame.new(-0.201, 0.128, 0.237, 0.306, -0.797, 0.52, 0.831, 0.491, 0.262, -0.464, 0.352, 0.813)},
		["Right Leg"] = {["CFrame"] = CFrame.new(0.341, 0.357, 0.324, 0.898, 0.073, -0.434, -0.17, 0.967, -0.188, 0.406, 0.243, 0.881)},
	},
	[0.333] = {
		["Torso"] = {["CFrame"] = CFrame.new(0, -0.063, -0.455, 0.995, 0.105, -0, -0.102, 0.975, -0.199, -0.021, 0.197, 0.98)},
		["Head"] = {["CFrame"] = CFrame.new(0, -0, 0.018, 0.996, -0.071, -0.049, 0.078, 0.982, 0.172, 0.036, -0.175, 0.984)},
		["Left Arm"] = {["CFrame"] = CFrame.new(0.265, -0.086, 0.109, 0.181, 0.645, -0.743, -0.977, 0.032, -0.21, -0.111, 0.764, 0.636)},
		["Left Leg"] = {["CFrame"] = CFrame.new(-0.205, 0.337, 0.395, 0.772, -0.083, 0.63, 0.225, 0.963, -0.148, -0.594, 0.256, 0.763)},
		["Right Arm"] = {["CFrame"] = CFrame.new(-0.19, 0.126, 0.23, 0.317, -0.793, 0.52, 0.824, 0.502, 0.262, -0.469, 0.346, 0.813)},
		["Right Leg"] = {["CFrame"] = CFrame.new(0.342, 0.335, 0.305, 0.901, 0.075, -0.427, -0.163, 0.971, -0.174, 0.402, 0.227, 0.887)},
	},
	[0.367] = {
		["Torso"] = {["CFrame"] = CFrame.new(0, -0.084, -0.353, 0.998, 0.055, -0, -0.054, 0.979, -0.199, -0.011, 0.198, 0.98)},
		["Head"] = {["CFrame"] = CFrame.new(0, -0, 0.018, 1, -0.019, -0.021, 0.022, 0.985, 0.172, 0.018, -0.172, 0.985)},
		["Left Arm"] = {["CFrame"] = CFrame.new(0.263, -0.092, 0.11, 0.172, 0.653, -0.738, -0.983, 0.061, -0.175, -0.069, 0.755, 0.652)},
		["Left Leg"] = {["CFrame"] = CFrame.new(-0.298, 0.276, 0.294, 0.863, -0.083, 0.498, 0.164, 0.979, -0.121, -0.478, 0.186, 0.859)},
		["Right Arm"] = {["CFrame"] = CFrame.new(-0.16, 0.12, 0.213, 0.346, -0.781, 0.52, 0.805, 0.532, 0.262, -0.482, 0.328, 0.813)},
		["Right Leg"] = {["CFrame"] = CFrame.new(0.341, 0.276, 0.243, 0.917, 0.072, -0.393, -0.134, 0.982, -0.133, 0.377, 0.175, 0.91)},
	},
	[0.4] = {
		["Torso"] = {["CFrame"] = CFrame.new(0, -0.109, -0.231, 1, -0.009, -0, 0.009, 0.98, -0.199, 0.002, 0.199, 0.98)},
		["Head"] = {["CFrame"] = CFrame.new(0, 0, 0.018, 0.999, 0.049, 0.005, -0.049, 0.985, 0.165, 0.003, -0.165, 0.986)},
		["Left Arm"] = {["CFrame"] = CFrame.new(0.262, -0.101, 0.113, 0.159, 0.66, -0.734, -0.987, 0.108, -0.116, 0.003, 0.743, 0.669)},
		["Left Leg"] = {["CFrame"] = CFrame.new(-0.361, 0.203, 0.145, 0.957, -0.042, 0.288, 0.068, 0.995, -0.079, -0.283, 0.096, 0.954)},
		["Right Arm"] = {["CFrame"] = CFrame.new(-0.131, 0.115, 0.196, 0.375, -0.767, 0.52, 0.785, 0.561, 0.262, -0.493, 0.31, 0.813)},
		["Right Leg"] = {["CFrame"] = CFrame.new(0.324, 0.205, 0.155, 0.947, 0.051, -0.318, -0.081, 0.993, -0.081, 0.312, 0.103, 0.945)},
	},
	[0.433] = {
		["Torso"] = {["CFrame"] = CFrame.new(0, -0.126, -0.145, 0.998, -0.062, -0, 0.061, 0.978, -0.199, 0.012, 0.198, 0.98)},
		["Head"] = {["CFrame"] = CFrame.new(0, -0, 0.018, 0.994, 0.108, 0.012, -0.108, 0.983, 0.149, 0.004, -0.149, 0.989)},
		["Left Arm"] = {["CFrame"] = CFrame.new(0.261, -0.112, 0.115, 0.144, 0.663, -0.735, -0.985, 0.167, -0.042, 0.094, 0.73, 0.677)},
		["Left Leg"] = {["CFrame"] = CFrame.new(-0.354, 0.143, 0.033, 0.996, 0.03, 0.089, -0.026, 0.999, -0.04, -0.09, 0.037, 0.995)},
		["Right Arm"] = {["CFrame"] = CFrame.new(-0.12, 0.112, 0.19, 0.385, -0.762, 0.52, 0.777, 0.572, 0.262, -0.498, 0.303, 0.813)},
		["Right Leg"] = {["CFrame"] = CFrame.new(0.293, 0.154, 0.083, 0.973, 0.017, -0.229, -0.027, 0.999, -0.04, 0.228, 0.045, 0.973)},
	},
	[0.467] = {
		["Torso"] = {["CFrame"] = CFrame.new(0, -0.136, -0.096, 0.994, -0.112, -0, 0.11, 0.974, -0.199, 0.022, 0.197, 0.98)},
		["Head"] = {["CFrame"] = CFrame.new(0, -0, 0.018, 0.985, 0.173, 0.002, -0.172, 0.978, 0.115, 0.017, -0.113, 0.993)},
		["Left Arm"] = {["CFrame"] = CFrame.new(0.263, -0.124, 0.117, 0.128, 0.655, -0.745, -0.973, 0.227, 0.031, 0.19, 0.721, 0.666)},
		["Left Leg"] = {["CFrame"] = CFrame.new(-0.331, 0.105, -0.041, 0.989, 0.107, -0.106, -0.108, 0.994, -0, 0.105, 0.011, 0.994)},
		["Right Arm"] = {["CFrame"] = CFrame.new(-0.137, 0.07, 0.219, 0.35, -0.779, 0.52, 0.802, 0.536, 0.262, -0.483, 0.326, 0.813)},
		["Right Leg"] = {["CFrame"] = CFrame.new(0.283, 0.129, 0.031, 0.992, -0.01, -0.129, 0.009, 1, -0.002, 0.129, 0.001, 0.992)},
	},
	[0.5] = {
		["Torso"] = {["CFrame"] = CFrame.new(-0, -0.139, -0.081, 0.99, -0.142, -0, 0.139, 0.97, -0.199, 0.028, 0.197, 0.98)},
		["Head"] = {["CFrame"] = CFrame.new(0, -0, 0.018, 0.979, 0.206, -0.008, -0.204, 0.975, 0.092, 0.026, -0.088, 0.996)},
		["Left Arm"] = {["CFrame"] = CFrame.new(0.267, -0.135, 0.117, 0.113, 0.635, -0.765, -0.954, 0.283, 0.095, 0.277, 0.719, 0.638)},
		["Left Leg"] = {["CFrame"] = CFrame.new(-0.319, 0.091, -0.067, 0.968, 0.147, -0.205, -0.146, 0.989, 0.021, 0.206, 0.01, 0.978)},
		["Right Arm"] = {["CFrame"] = CFrame.new(-0.153, 0.01, 0.244, 0.283, -0.805, 0.52, 0.845, 0.467, 0.262, -0.454, 0.365, 0.813)},
		["Right Leg"] = {["CFrame"] = CFrame.new(0.29, 0.124, 0.012, 0.997, -0.016, -0.08, 0.017, 1, 0.015, 0.08, -0.017, 0.997)},
	},
	[0.533] = {
		["Torso"] = {["CFrame"] = CFrame.new(0, -0.128, -0.133, 0.989, -0.148, -0, 0.145, 0.969, -0.199, 0.029, 0.196, 0.98)},
		["Head"] = {["CFrame"] = CFrame.new(0, -0, 0.018, 0.982, 0.189, -0.009, -0.188, 0.978, 0.092, 0.026, -0.089, 0.996)},
		["Left Arm"] = {["CFrame"] = CFrame.new(0.214, -0.15, 0.148, 0.094, 0.586, -0.805, -0.918, 0.364, 0.157, 0.385, 0.724, 0.572)},
		["Left Leg"] = {["CFrame"] = CFrame.new(-0.434, 0.152, -0.078, 0.982, 0.078, -0.171, -0.078, 0.997, 0.01, 0.171, 0.004, 0.985)},
		["Right Arm"] = {["CFrame"] = CFrame.new(-0.109, -0.008, 0.207, 0.24, -0.821, 0.518, 0.868, 0.42, 0.263, -0.434, 0.386, 0.814)},
		["Right Leg"] = {["CFrame"] = CFrame.new(0.372, 0.173, 0.033, 0.993, 0.04, -0.112, -0.039, 0.999, 0.01, 0.112, -0.006, 0.994)},
	},
	[0.567] = {
		["Torso"] = {["CFrame"] = CFrame.new(0, -0.101, -0.269, 0.988, -0.152, -0, 0.149, 0.969, -0.199, 0.03, 0.196, 0.98)},
		["Head"] = {["CFrame"] = CFrame.new(0, -0, 0.018, 0.988, 0.156, -0.009, -0.154, 0.984, 0.092, 0.023, -0.09, 0.996)},
		["Left Arm"] = {["CFrame"] = CFrame.new(0.068, -0.169, 0.23, 0.065, 0.5, -0.863, -0.852, 0.478, 0.213, 0.519, 0.722, 0.457)},
		["Left Leg"] = {["CFrame"] = CFrame.new(-0.572, 0.276, -0.035, 0.998, -0.024, -0.062, 0.022, 0.999, -0.025, 0.063, 0.024, 0.998)},
		["Right Arm"] = {["CFrame"] = CFrame.new(0.014, -0.007, 0.116, 0.207, -0.834, 0.512, 0.885, 0.382, 0.266, -0.417, 0.398, 0.817)},
		["Right Leg"] = {["CFrame"] = CFrame.new(0.484, 0.286, 0.097, 0.974, 0.126, -0.191, -0.129, 0.992, -0.006, 0.189, 0.031, 0.982)},
	},
	[0.6] = {
		["Torso"] = {["CFrame"] = CFrame.new(0, -0.073, -0.405, 0.988, -0.154, -0, 0.15, 0.968, -0.199, 0.03, 0.196, 0.98)},
		["Head"] = {["CFrame"] = CFrame.new(0, 0, 0.018, 0.994, 0.106, -0.008, -0.105, 0.99, 0.093, 0.017, -0.092, 0.996)},
		["Left Arm"] = {["CFrame"] = CFrame.new(-0.079, -0.176, 0.315, 0.028, 0.422, -0.906, -0.786, 0.57, 0.241, 0.618, 0.705, 0.347)},
		["Left Leg"] = {["CFrame"] = CFrame.new(-0.605, 0.379, 0.065, 0.995, -0.076, 0.067, 0.081, 0.994, -0.073, -0.061, 0.078, 0.995)},
		["Right Arm"] = {["CFrame"] = CFrame.new(0.17, -0.004, 0.019, 0.153, -0.846, 0.511, 0.908, 0.325, 0.266, -0.391, 0.423, 0.817)},
		["Right Leg"] = {["CFrame"] = CFrame.new(0.496, 0.39, 0.184, 0.942, 0.165, -0.292, -0.182, 0.983, -0.033, 0.282, 0.085, 0.956)},
	},
	[0.633] = {
		["Torso"] = {["CFrame"] = CFrame.new(0, -0.063, -0.457, 0.988, -0.154, -0, 0.151, 0.968, -0.199, 0.031, 0.196, 0.98)},
		["Head"] = {["CFrame"] = CFrame.new(0, -0, 0.018, 0.999, 0.044, -0.005, -0.043, 0.995, 0.093, 0.009, -0.093, 0.996)},
		["Left Arm"] = {["CFrame"] = CFrame.new(-0.135, -0.163, 0.348, 0.006, 0.392, -0.92, -0.761, 0.598, 0.25, 0.648, 0.699, 0.302)},
		["Left Leg"] = {["CFrame"] = CFrame.new(-0.567, 0.401, 0.147, 0.983, -0.083, 0.165, 0.102, 0.989, -0.11, -0.154, 0.125, 0.98)},
		["Right Arm"] = {["CFrame"] = CFrame.new(0.297, -0.018, -0.035, 0.058, -0.852, 0.52, 0.938, 0.225, 0.262, -0.34, 0.473, 0.813)},
		["Right Leg"] = {["CFrame"] = CFrame.new(0.433, 0.418, 0.252, 0.909, 0.161, -0.384, -0.199, 0.978, -0.061, 0.366, 0.132, 0.921)},
	},
	[0.667] = {
		["Torso"] = {["CFrame"] = CFrame.new(-0.001, -0.063, -0.455, 0.99, -0.138, -0.001, 0.135, 0.971, -0.199, 0.028, 0.197, 0.98)},
		["Head"] = {["CFrame"] = CFrame.new(0, -0, 0.018, 1, -0.007, -0.004, 0.007, 0.996, 0.094, 0.003, -0.094, 0.996)},
		["Left Arm"] = {["CFrame"] = CFrame.new(-0.133, -0.123, 0.342, -0.01, 0.389, -0.921, -0.772, 0.582, 0.254, 0.635, 0.714, 0.294)},
		["Left Leg"] = {["CFrame"] = CFrame.new(-0.493, 0.371, 0.219, 0.959, -0.077, 0.272, 0.119, 0.983, -0.141, -0.257, 0.167, 0.952)},
		["Right Arm"] = {["CFrame"] = CFrame.new(0.407, -0.148, -0.07, -0.205, -0.793, 0.574, 0.963, -0.058, 0.264, -0.176, 0.607, 0.775)},
		["Right Leg"] = {["CFrame"] = CFrame.new(0.331, 0.39, 0.306, 0.867, 0.135, -0.479, -0.203, 0.975, -0.093, 0.455, 0.178, 0.873)},
	},
	[0.7] = {
		["Torso"] = {["CFrame"] = CFrame.new(-0.002, -0.067, -0.439, 0.995, -0.097, -0.002, 0.094, 0.976, -0.199, 0.022, 0.198, 0.98)},
		["Head"] = {["CFrame"] = CFrame.new(0, -0, 0.018, 1, -0.028, -0.003, 0.028, 0.995, 0.095, -0, -0.095, 0.995)},
		["Left Arm"] = {["CFrame"] = CFrame.new(-0.128, -0.055, 0.325, -0.036, 0.384, -0.922, -0.799, 0.543, 0.258, 0.6, 0.747, 0.288)},
		["Left Leg"] = {["CFrame"] = CFrame.new(-0.394, 0.328, 0.287, 0.915, -0.068, 0.397, 0.144, 0.976, -0.164, -0.376, 0.207, 0.903)},
		["Right Arm"] = {["CFrame"] = CFrame.new(0.443, -0.261, -0.089, -0.374, -0.66, 0.652, 0.927, -0.282, 0.247, 0.021, 0.697, 0.717)},
		["Right Leg"] = {["CFrame"] = CFrame.new(0.24, 0.347, 0.336, 0.83, 0.1, -0.548, -0.201, 0.971, -0.127, 0.52, 0.215, 0.827)},
	},
	[0.733] = {
		["Torso"] = {["CFrame"] = CFrame.new(-0.002, -0.074, -0.4, 0.998, -0.06, -0.003, 0.058, 0.978, -0.199, 0.015, 0.198, 0.98)},
		["Head"] = {["CFrame"] = CFrame.new(0, -0, 0.018, 0.999, -0.039, -0.001, 0.039, 0.995, 0.096, -0.003, -0.096, 0.995)},
		["Left Arm"] = {["CFrame"] = CFrame.new(-0.119, 0.023, 0.297, -0.062, 0.38, -0.923, -0.832, 0.492, 0.258, 0.552, 0.783, 0.285)},
		["Left Leg"] = {["CFrame"] = CFrame.new(-0.32, 0.283, 0.305, 0.882, -0.057, 0.468, 0.152, 0.974, -0.167, -0.446, 0.218, 0.868)},
		["Right Arm"] = {["CFrame"] = CFrame.new(0.405, -0.241, -0.099, -0.364, -0.592, 0.719, 0.931, -0.231, 0.281, -0, 0.772, 0.635)},
		["Right Leg"] = {["CFrame"] = CFrame.new(0.214, 0.303, 0.324, 0.829, 0.08, -0.553, -0.186, 0.973, -0.138, 0.527, 0.218, 0.821)},
	},
	[0.767] = {
		["Torso"] = {["CFrame"] = CFrame.new(-0.002, -0.09, -0.324, 1, -0.027, -0.003, 0.026, 0.98, -0.199, 0.008, 0.198, 0.98)},
		["Head"] = {["CFrame"] = CFrame.new(0, -0, 0.018, 0.999, -0.037, 0.001, 0.037, 0.995, 0.096, -0.004, -0.096, 0.995)},
		["Left Arm"] = {["CFrame"] = CFrame.new(-0.111, 0.08, 0.263, -0.076, 0.379, -0.922, -0.856, 0.449, 0.256, 0.511, 0.809, 0.29)},
		["Left Leg"] = {["CFrame"] = CFrame.new(-0.333, 0.243, 0.242, 0.909, -0.057, 0.414, 0.12, 0.984, -0.129, -0.4, 0.167, 0.901)},
		["Right Arm"] = {["CFrame"] = CFrame.new(0.411, -0.29, -0.116, -0.427, -0.487, 0.762, 0.9, -0.307, 0.309, 0.083, 0.818, 0.57)},
		["Right Leg"] = {["CFrame"] = CFrame.new(0.339, 0.275, 0.223, 0.917, 0.086, -0.39, -0.134, 0.986, -0.098, 0.376, 0.142, 0.916)},
	},
	[0.8] = {
		["Torso"] = {["CFrame"] = CFrame.new(0, -0.106, -0.243, 1, -0.01, -0, 0.01, 0.98, -0.199, 0.002, 0.199, 0.98)},
		["Head"] = {["CFrame"] = CFrame.new(0, 0, 0.018, 1, -0.03, 0.004, 0.03, 0.995, 0.096, -0.007, -0.096, 0.995)},
		["Left Arm"] = {["CFrame"] = CFrame.new(-0.103, 0.101, 0.227, -0.074, 0.385, -0.92, -0.868, 0.43, 0.25, 0.492, 0.817, 0.302)},
		["Left Leg"] = {["CFrame"] = CFrame.new(-0.372, 0.208, 0.142, 0.96, -0.044, 0.278, 0.068, 0.995, -0.078, -0.273, 0.093, 0.958)},
		["Right Arm"] = {["CFrame"] = CFrame.new(0.42, -0.339, -0.128, -0.489, -0.403, 0.774, 0.859, -0.376, 0.347, 0.151, 0.835, 0.529)},
		["Right Leg"] = {["CFrame"] = CFrame.new(0.433, 0.241, 0.099, 0.979, 0.068, -0.19, -0.078, 0.996, -0.048, 0.186, 0.061, 0.981)},
	},
	[0.833] = {
		["Torso"] = {["CFrame"] = CFrame.new(0.003, -0.117, -0.188, 1, -0.01, 0.004, 0.011, 0.98, -0.199, -0.002, 0.199, 0.98)},
		["Head"] = {["CFrame"] = CFrame.new(0, 0, 0.018, 1, -0.029, 0.011, 0.028, 0.995, 0.097, -0.014, -0.096, 0.995)},
		["Left Arm"] = {["CFrame"] = CFrame.new(-0.104, 0.085, 0.186, -0.021, 0.435, -0.9, -0.87, 0.435, 0.23, 0.492, 0.788, 0.369)},
		["Left Leg"] = {["CFrame"] = CFrame.new(-0.352, 0.173, 0.092, 0.977, -0.015, 0.212, 0.027, 0.998, -0.053, -0.211, 0.058, 0.976)},
		["Right Arm"] = {["CFrame"] = CFrame.new(0.379, -0.291, -0.108, -0.46, -0.428, 0.778, 0.885, -0.291, 0.363, 0.071, 0.856, 0.512)},
		["Right Leg"] = {["CFrame"] = CFrame.new(0.381, 0.188, 0.076, 0.984, 0.034, -0.173, -0.043, 0.998, -0.046, 0.171, 0.053, 0.984)},
	},
	[0.867] = {
		["Torso"] = {["CFrame"] = CFrame.new(0.008, -0.127, -0.139, 1, -0.01, 0.008, 0.011, 0.98, -0.198, -0.006, 0.199, 0.98)},
		["Head"] = {["CFrame"] = CFrame.new(0, 0, 0.018, 0.999, -0.028, 0.024, 0.025, 0.995, 0.097, -0.026, -0.096, 0.995)},
		["Left Arm"] = {["CFrame"] = CFrame.new(-0.113, 0.039, 0.145, 0.11, 0.538, -0.836, -0.86, 0.474, 0.192, 0.499, 0.697, 0.514)},
		["Left Leg"] = {["CFrame"] = CFrame.new(-0.307, 0.136, 0.055, 0.986, 0.023, 0.162, -0.017, 0.999, -0.035, -0.163, 0.032, 0.986)},
		["Right Arm"] = {["CFrame"] = CFrame.new(0.28, -0.168, -0.043, -0.339, -0.525, 0.781, 0.93, -0.063, 0.361, -0.14, 0.849, 0.51)},
		["Right Leg"] = {["CFrame"] = CFrame.new(0.313, 0.139, 0.057, 0.987, -0.005, -0.161, -0.002, 0.999, -0.046, 0.161, 0.045, 0.986)},
	},
	[0.9] = {
		["Torso"] = {["CFrame"] = CFrame.new(0.012, -0.134, -0.103, 1, -0.01, 0.012, 0.012, 0.98, -0.198, -0.01, 0.199, 0.98)},
		["Head"] = {["CFrame"] = CFrame.new(0, 0, 0.018, 0.999, -0.025, 0.039, 0.022, 0.995, 0.097, -0.041, -0.096, 0.994)},
		["Left Arm"] = {["CFrame"] = CFrame.new(-0.118, -0.008, 0.117, 0.243, 0.608, -0.756, -0.829, 0.535, 0.164, 0.504, 0.587, 0.634)},
		["Left Leg"] = {["CFrame"] = CFrame.new(-0.251, 0.105, 0.034, 0.989, 0.06, 0.135, -0.057, 0.998, -0.024, -0.137, 0.016, 0.991)},
		["Right Arm"] = {["CFrame"] = CFrame.new(0.188, -0.073, 0.031, -0.155, -0.604, 0.782, 0.907, 0.227, 0.355, -0.392, 0.764, 0.512)},
		["Right Leg"] = {["CFrame"] = CFrame.new(0.244, 0.098, 0.042, 0.987, -0.044, -0.156, 0.037, 0.998, -0.047, 0.157, 0.041, 0.987)},
	},
	[0.933] = {
		["Torso"] = {["CFrame"] = CFrame.new(0.016, -0.138, -0.083, 1, -0.01, 0.017, 0.013, 0.98, -0.198, -0.014, 0.199, 0.98)},
		["Head"] = {["CFrame"] = CFrame.new(0, -0, 0.018, 0.998, -0.024, 0.053, 0.019, 0.995, 0.097, -0.055, -0.096, 0.994)},
		["Left Arm"] = {["CFrame"] = CFrame.new(-0.116, -0.046, 0.106, 0.389, 0.625, -0.677, -0.754, 0.638, 0.156, 0.529, 0.45, 0.719)},
		["Left Leg"] = {["CFrame"] = CFrame.new(-0.208, 0.087, 0.024, 0.988, 0.085, 0.127, -0.083, 0.996, -0.017, -0.128, 0.006, 0.992)},
		["Right Arm"] = {["CFrame"] = CFrame.new(0.096, -0.016, 0.132, 0.142, -0.611, 0.779, 0.711, 0.61, 0.349, -0.688, 0.505, 0.521)},
		["Right Leg"] = {["CFrame"] = CFrame.new(0.191, 0.071, 0.033, 0.985, -0.072, -0.154, 0.065, 0.997, -0.051, 0.157, 0.04, 0.987)},
	},
	[0.967] = {
		["Torso"] = {["CFrame"] = CFrame.new(0.021, -0.139, -0.077, 1, -0.01, 0.022, 0.015, 0.98, -0.198, -0.019, 0.199, 0.98)},
		["Head"] = {["CFrame"] = CFrame.new(0, -0, 0.018, 0.998, -0.023, 0.061, 0.017, 0.995, 0.097, -0.063, -0.096, 0.993)},
		["Left Arm"] = {["CFrame"] = CFrame.new(-0.11, -0.085, 0.106, 0.474, 0.617, -0.628, -0.7, 0.697, 0.156, 0.534, 0.366, 0.762)},
		["Left Leg"] = {["CFrame"] = CFrame.new(-0.197, 0.085, 0.022, 0.988, 0.091, 0.127, -0.09, 0.996, -0.011, -0.127, -0.001, 0.992)},
		["Right Arm"] = {["CFrame"] = CFrame.new(0.038, 0.016, 0.198, 0.31, -0.552, 0.774, 0.521, 0.78, 0.347, -0.795, 0.296, 0.529)},
		["Right Leg"] = {["CFrame"] = CFrame.new(0.17, 0.058, 0.029, 0.985, -0.084, -0.153, 0.076, 0.996, -0.056, 0.157, 0.044, 0.987)},
	},
	[1] = {
		["Torso"] = {["CFrame"] = CFrame.new(0.025, -0.134, -0.103, 1, -0.01, 0.028, 0.016, 0.98, -0.198, -0.026, 0.199, 0.98)},
		["Head"] = {["CFrame"] = CFrame.new(0, -0, 0.018, 0.997, -0.023, 0.067, 0.017, 0.995, 0.098, -0.069, -0.096, 0.993)},
		["Left Arm"] = {["CFrame"] = CFrame.new(-0.104, -0.139, 0.113, 0.471, 0.629, -0.618, -0.719, 0.68, 0.143, 0.51, 0.377, 0.773)},
		["Left Leg"] = {["CFrame"] = CFrame.new(-0.254, 0.12, 0.039, 0.987, 0.053, 0.154, -0.052, 0.999, -0.011, -0.155, 0.003, 0.988)},
		["Right Arm"] = {["CFrame"] = CFrame.new(0.038, 0.016, 0.195, 0.307, -0.548, 0.778, 0.534, 0.776, 0.336, -0.788, 0.312, 0.53)},
		["Right Leg"] = {["CFrame"] = CFrame.new(0.212, 0.075, 0.048, 0.982, -0.053, -0.181, 0.04, 0.997, -0.071, 0.184, 0.063, 0.981)},
	},
	[1.033] = {
		["Torso"] = {["CFrame"] = CFrame.new(0.031, -0.12, -0.175, 0.999, -0.01, 0.037, 0.018, 0.98, -0.198, -0.034, 0.199, 0.979)},
		["Head"] = {["CFrame"] = CFrame.new(0, -0, 0.018, 0.997, -0.023, 0.075, 0.016, 0.995, 0.098, -0.077, -0.096, 0.992)},
		["Left Arm"] = {["CFrame"] = CFrame.new(-0.099, -0.211, 0.128, 0.433, 0.654, -0.621, -0.768, 0.628, 0.125, 0.472, 0.423, 0.774)},
		["Left Leg"] = {["CFrame"] = CFrame.new(-0.342, 0.194, 0.089, 0.974, -0.013, 0.226, 0.018, 1, -0.021, -0.225, 0.025, 0.974)},
		["Right Arm"] = {["CFrame"] = CFrame.new(0.037, 0.02, 0.185, 0.291, -0.542, 0.788, 0.574, 0.758, 0.31, -0.766, 0.362, 0.532)},
		["Right Leg"] = {["CFrame"] = CFrame.new(0.283, 0.121, 0.107, 0.966, 0.01, -0.258, -0.037, 0.994, -0.102, 0.255, 0.108, 0.961)},
	},
	[1.067] = {
		["Torso"] = {["CFrame"] = CFrame.new(0.035, -0.101, -0.268, 0.999, -0.01, 0.045, 0.019, 0.98, -0.198, -0.042, 0.199, 0.979)},
		["Head"] = {["CFrame"] = CFrame.new(0, -0, 0.018, 0.997, -0.024, 0.079, 0.017, 0.995, 0.098, -0.081, -0.096, 0.992)},
		["Left Arm"] = {["CFrame"] = CFrame.new(-0.095, -0.278, 0.146, 0.355, 0.689, -0.631, -0.836, 0.537, 0.116, 0.419, 0.486, 0.767)},
		["Left Leg"] = {["CFrame"] = CFrame.new(-0.391, 0.277, 0.157, 0.95, -0.062, 0.308, 0.077, 0.996, -0.037, -0.304, 0.059, 0.951)},
		["Right Arm"] = {["CFrame"] = CFrame.new(0.038, 0.029, 0.171, 0.251, -0.549, 0.797, 0.639, 0.713, 0.29, -0.727, 0.436, 0.53)},
		["Right Leg"] = {["CFrame"] = CFrame.new(0.317, 0.172, 0.185, 0.937, 0.056, -0.345, -0.11, 0.984, -0.138, 0.331, 0.167, 0.929)},
	},
	[1.1] = {
		["Torso"] = {["CFrame"] = CFrame.new(0.038, -0.086, -0.34, 0.999, -0.01, 0.051, 0.02, 0.98, -0.198, -0.048, 0.199, 0.979)},
		["Head"] = {["CFrame"] = CFrame.new(0, -0, 0.018, 0.997, -0.026, 0.077, 0.018, 0.995, 0.098, -0.079, -0.096, 0.992)},
		["Left Arm"] = {["CFrame"] = CFrame.new(-0.096, -0.315, 0.158, 0.247, 0.73, -0.637, -0.901, 0.415, 0.126, 0.356, 0.543, 0.76)},
		["Left Leg"] = {["CFrame"] = CFrame.new(-0.402, 0.34, 0.208, 0.928, -0.083, 0.363, 0.109, 0.993, -0.052, -0.356, 0.087, 0.93)},
		["Right Arm"] = {["CFrame"] = CFrame.new(0.044, 0.044, 0.155, 0.18, -0.579, 0.795, 0.714, 0.633, 0.299, -0.677, 0.514, 0.528)},
		["Right Leg"] = {["CFrame"] = CFrame.new(0.32, 0.208, 0.245, 0.912, 0.077, -0.403, -0.155, 0.974, -0.165, 0.38, 0.213, 0.9)},
	},
	[1.133] = {
		["Torso"] = {["CFrame"] = CFrame.new(0.039, -0.081, -0.366, 0.999, -0.01, 0.053, 0.021, 0.98, -0.198, -0.05, 0.199, 0.979)},
		["Head"] = {["CFrame"] = CFrame.new(0, -0, 0.018, 0.997, -0.028, 0.068, 0.021, 0.995, 0.098, -0.07, -0.096, 0.993)},
		["Left Arm"] = {["CFrame"] = CFrame.new(-0.101, -0.308, 0.16, 0.121, 0.768, -0.628, -0.948, 0.277, 0.156, 0.294, 0.577, 0.762)},
		["Left Leg"] = {["CFrame"] = CFrame.new(-0.401, 0.361, 0.226, 0.92, -0.088, 0.382, 0.118, 0.991, -0.057, -0.373, 0.097, 0.923)},
		["Right Arm"] = {["CFrame"] = CFrame.new(0.053, 0.066, 0.143, 0.077, -0.628, 0.774, 0.779, 0.523, 0.347, -0.623, 0.576, 0.529)},
		["Right Leg"] = {["CFrame"] = CFrame.new(0.318, 0.22, 0.266, 0.903, 0.082, -0.422, -0.169, 0.97, -0.174, 0.395, 0.228, 0.89)},
	},
	[1.167] = {
		["Torso"] = {["CFrame"] = CFrame.new(0.041, -0.089, -0.327, 0.999, -0.01, 0.053, 0.021, 0.98, -0.198, -0.05, 0.199, 0.979)},
		["Head"] = {["CFrame"] = CFrame.new(0, -0, 0.018, 0.998, -0.033, 0.046, 0.028, 0.995, 0.098, -0.049, -0.096, 0.994)},
		["Left Arm"] = {["CFrame"] = CFrame.new(-0.144, -0.255, 0.132, -0.063, 0.826, -0.56, -0.955, 0.112, 0.273, 0.288, 0.553, 0.782)},
		["Left Leg"] = {["CFrame"] = CFrame.new(-0.402, 0.342, 0.21, 0.927, -0.085, 0.366, 0.111, 0.992, -0.051, -0.359, 0.088, 0.929)},
		["Right Arm"] = {["CFrame"] = CFrame.new(0.119, 0.103, 0.131, 0.002, -0.831, 0.556, 0.886, 0.259, 0.385, -0.464, 0.492, 0.737)},
		["Right Leg"] = {["CFrame"] = CFrame.new(0.296, 0.192, 0.248, 0.904, 0.07, -0.421, -0.154, 0.973, -0.169, 0.398, 0.218, 0.891)},
	},
	[1.2] = {
		["Torso"] = {["CFrame"] = CFrame.new(0.047, -0.111, -0.216, 0.999, -0.01, 0.053, 0.021, 0.98, -0.198, -0.05, 0.199, 0.979)},
		["Head"] = {["CFrame"] = CFrame.new(0, 0, 0.018, 0.999, -0.04, 0.008, 0.039, 0.994, 0.097, -0.012, -0.097, 0.995)},
		["Left Arm"] = {["CFrame"] = CFrame.new(-0.24, -0.155, 0.073, -0.308, 0.894, -0.326, -0.87, -0.126, 0.476, 0.384, 0.43, 0.817)},
		["Left Leg"] = {["CFrame"] = CFrame.new(-0.395, 0.287, 0.165, 0.945, -0.074, 0.319, 0.089, 0.995, -0.034, -0.315, 0.06, 0.947)},
		["Right Arm"] = {["CFrame"] = CFrame.new(0.215, 0.159, 0.165, -0.207, -0.974, -0.09, 0.962, -0.22, 0.16, -0.176, -0.053, 0.983)},
		["Right Leg"] = {["CFrame"] = CFrame.new(0.217, 0.118, 0.189, 0.909, 0.029, -0.416, -0.103, 0.982, -0.157, 0.405, 0.185, 0.896)},
	},
	[1.233] = {
		["Torso"] = {["CFrame"] = CFrame.new(0.056, -0.142, -0.065, 0.999, -0.01, 0.053, 0.021, 0.98, -0.198, -0.05, 0.199, 0.979)},
		["Head"] = {["CFrame"] = CFrame.new(0, -0, 0.018, 0.998, -0.049, -0.034, 0.052, 0.994, 0.096, 0.029, -0.098, 0.995)},
		["Left Arm"] = {["CFrame"] = CFrame.new(-0.312, -0.05, 0.033, -0.482, 0.876, 0.022, -0.728, -0.414, 0.547, 0.488, 0.248, 0.837)},
		["Left Leg"] = {["CFrame"] = CFrame.new(-0.364, 0.216, 0.105, 0.968, -0.045, 0.249, 0.049, 0.999, -0.013, -0.248, 0.025, 0.969)},
		["Right Arm"] = {["CFrame"] = CFrame.new(0.234, 0.178, 0.171, -0.461, -0.762, -0.454, 0.869, -0.491, -0.059, -0.179, -0.422, 0.889)},
		["Right Leg"] = {["CFrame"] = CFrame.new(0.071, 0.027, 0.094, 0.915, -0.05, -0.399, -0.007, 0.99, -0.14, 0.402, 0.131, 0.906)},
	},
	[1.267] = {
		["Torso"] = {["CFrame"] = CFrame.new(0.063, -0.168, 0.066, 0.999, -0.01, 0.053, 0.021, 0.98, -0.198, -0.05, 0.199, 0.979)},
		["Head"] = {["CFrame"] = CFrame.new(0, 0, 0.018, 0.996, -0.055, -0.065, 0.061, 0.994, 0.095, 0.06, -0.099, 0.993)},
		["Left Arm"] = {["CFrame"] = CFrame.new(-0.338, 0.052, 0.043, -0.552, 0.694, 0.463, -0.577, -0.719, 0.389, 0.603, -0.052, 0.796)},
		["Left Leg"] = {["CFrame"] = CFrame.new(-0.317, 0.161, 0.06, 0.982, -0.01, 0.186, 0.01, 1, 0.003, -0.186, -0.001, 0.982)},
		["Right Arm"] = {["CFrame"] = CFrame.new(0.251, 0.185, 0.137, -0.582, -0.582, -0.569, 0.736, -0.674, -0.064, -0.346, -0.456, 0.82)},
		["Right Leg"] = {["CFrame"] = CFrame.new(-0.096, -0.035, 0.003, 0.919, -0.141, -0.368, 0.102, 0.987, -0.124, 0.381, 0.076, 0.921)},
	},
	[1.3] = {
		["Torso"] = {["CFrame"] = CFrame.new(0.067, -0.183, 0.138, 0.999, -0.01, 0.053, 0.021, 0.98, -0.198, -0.05, 0.199, 0.979)},
		["Head"] = {["CFrame"] = CFrame.new(0, -0, 0.018, 0.995, -0.057, -0.076, 0.064, 0.993, 0.095, 0.07, -0.099, 0.993)},
		["Left Arm"] = {["CFrame"] = CFrame.new(-0.328, 0.097, 0.04, -0.564, 0.459, 0.686, -0.528, -0.84, 0.128, 0.635, -0.29, 0.716)},
		["Left Leg"] = {["CFrame"] = CFrame.new(-0.304, 0.145, 0.047, 0.987, -0.002, 0.162, 0.001, 1, 0.008, -0.162, -0.008, 0.987)},
		["Right Arm"] = {["CFrame"] = CFrame.new(0.256, 0.187, 0.091, -0.636, -0.467, -0.614, 0.645, -0.759, -0.09, -0.424, -0.454, 0.784)},
		["Right Leg"] = {["CFrame"] = CFrame.new(0.027, 0.002, 0.043, 0.941, -0.08, -0.328, 0.045, 0.993, -0.111, 0.334, 0.089, 0.938)},
	},
	[1.333] = {
		["Torso"] = {["CFrame"] = CFrame.new(0.068, -0.19, 0.172, 0.999, -0.01, 0.053, 0.021, 0.98, -0.198, -0.05, 0.199, 0.979)},
		["Head"] = {["CFrame"] = CFrame.new(0, -0, 0.018, 0.995, -0.057, -0.077, 0.064, 0.993, 0.098, 0.071, -0.102, 0.992)},
		["Left Arm"] = {["CFrame"] = CFrame.new(-0.317, 0.089, -0.012, -0.632, 0.362, 0.685, -0.542, -0.838, -0.057, 0.554, -0.408, 0.726)},
		["Left Leg"] = {["CFrame"] = CFrame.new(-0.32, 0.151, 0.05, 0.987, -0.015, 0.162, 0.014, 1, 0.008, -0.162, -0.005, 0.987)},
		["Right Arm"] = {["CFrame"] = CFrame.new(0.246, 0.192, 0.018, -0.693, -0.407, -0.596, 0.607, -0.775, -0.176, -0.39, -0.483, 0.784)},
		["Right Leg"] = {["CFrame"] = CFrame.new(0.297, 0.126, 0.118, 0.962, 0.031, -0.27, -0.061, 0.992, -0.106, 0.264, 0.118, 0.957)},
	},
	[1.367] = {
		["Torso"] = {["CFrame"] = CFrame.new(0.07, -0.194, 0.196, 0.999, -0.01, 0.053, 0.021, 0.98, -0.198, -0.05, 0.199, 0.979)},
		["Head"] = {["CFrame"] = CFrame.new(0, -0, 0.018, 0.995, -0.056, -0.077, 0.064, 0.992, 0.106, 0.071, -0.11, 0.991)},
		["Left Arm"] = {["CFrame"] = CFrame.new(-0.314, 0.065, -0.091, -0.724, 0.325, 0.609, -0.546, -0.809, -0.217, 0.422, -0.489, 0.763)},
		["Left Leg"] = {["CFrame"] = CFrame.new(-0.34, 0.16, 0.053, 0.986, -0.03, 0.162, 0.029, 1, 0.007, -0.162, -0.003, 0.987)},
		["Right Arm"] = {["CFrame"] = CFrame.new(0.243, 0.193, -0.077, -0.761, -0.379, -0.526, 0.582, -0.757, -0.297, -0.285, -0.532, 0.797)},
		["Right Leg"] = {["CFrame"] = CFrame.new(0.503, 0.35, 0.14, 0.981, 0.054, -0.185, -0.074, 0.992, -0.104, 0.178, 0.116, 0.977)},
	},
	[1.4] = {
		["Torso"] = {["CFrame"] = CFrame.new(0.07, -0.197, 0.208, 0.999, -0.01, 0.053, 0.021, 0.98, -0.198, -0.05, 0.199, 0.979)},
		["Head"] = {["CFrame"] = CFrame.new(0, -0, 0.018, 0.995, -0.055, -0.078, 0.064, 0.991, 0.118, 0.071, -0.123, 0.99)},
		["Left Arm"] = {["CFrame"] = CFrame.new(-0.319, 0.04, -0.159, -0.803, 0.342, 0.488, -0.532, -0.78, -0.329, 0.268, -0.524, 0.808)},
		["Left Leg"] = {["CFrame"] = CFrame.new(-0.378, 0.179, 0.059, 0.985, -0.053, 0.162, 0.052, 0.999, 0.007, -0.162, 0.001, 0.987)},
		["Right Arm"] = {["CFrame"] = CFrame.new(0.246, 0.192, -0.155, -0.822, -0.396, -0.411, 0.554, -0.724, -0.411, -0.135, -0.565, 0.814)},
		["Right Leg"] = {["CFrame"] = CFrame.new(0.534, 0.625, 0.104, 0.995, -0.04, -0.095, 0.031, 0.996, -0.087, 0.098, 0.084, 0.992)},
	},
	[1.433] = {
		["Torso"] = {["CFrame"] = CFrame.new(0.071, -0.198, 0.212, 0.999, -0.01, 0.053, 0.021, 0.98, -0.198, -0.05, 0.199, 0.979)},
		["Head"] = {["CFrame"] = CFrame.new(0, -0, 0.018, 0.996, -0.053, -0.078, 0.063, 0.989, 0.132, 0.07, -0.137, 0.988)},
		["Left Arm"] = {["CFrame"] = CFrame.new(-0.326, 0.031, -0.186, -0.847, 0.377, 0.376, -0.512, -0.768, -0.385, 0.144, -0.518, 0.843)},
		["Left Leg"] = {["CFrame"] = CFrame.new(-0.435, 0.213, 0.068, 0.983, -0.088, 0.162, 0.088, 0.996, 0.007, -0.162, 0.008, 0.987)},
		["Right Arm"] = {["CFrame"] = CFrame.new(0.254, 0.191, -0.187, -0.855, -0.437, -0.28, 0.519, -0.707, -0.48, 0.012, -0.555, 0.831)},
		["Right Leg"] = {["CFrame"] = CFrame.new(0.447, 0.817, 0.048, 0.985, -0.171, -0.03, 0.169, 0.984, -0.053, 0.039, 0.047, 0.998)},
	},
	[1.467] = {
		["Torso"] = {["CFrame"] = CFrame.new(0.071, -0.198, 0.213, 0.999, -0.01, 0.053, 0.021, 0.98, -0.198, -0.05, 0.199, 0.979)},
		["Head"] = {["CFrame"] = CFrame.new(0, 0, 0.018, 0.996, -0.052, -0.079, 0.063, 0.987, 0.145, 0.07, -0.149, 0.986)},
		["Left Arm"] = {["CFrame"] = CFrame.new(-0.35, 0.043, -0.24, -0.842, 0.5, 0.204, -0.532, -0.831, -0.161, 0.089, -0.245, 0.965)},
		["Left Leg"] = {["CFrame"] = CFrame.new(-0.503, 0.261, 0.079, 0.978, -0.13, 0.162, 0.131, 0.991, 0.006, -0.161, 0.015, 0.987)},
		["Right Arm"] = {["CFrame"] = CFrame.new(0.286, 0.199, -0.239, -0.801, -0.597, -0.044, 0.577, -0.749, -0.325, 0.161, -0.286, 0.945)},
		["Right Leg"] = {["CFrame"] = CFrame.new(0.4, 0.875, 0.023, 0.974, -0.226, -0.008, 0.225, 0.974, -0.033, 0.015, 0.031, 0.999)},
	},
	[1.5] = {
		["Torso"] = {["CFrame"] = CFrame.new(0.07, -0.194, 0.195, 0.999, -0.01, 0.053, 0.021, 0.98, -0.198, -0.05, 0.199, 0.979)},
		["Head"] = {["CFrame"] = CFrame.new(0, -0, 0.018, 0.996, -0.05, -0.079, 0.062, 0.986, 0.153, 0.07, -0.157, 0.985)},
		["Left Arm"] = {["CFrame"] = CFrame.new(-0.375, 0.016, -0.359, -0.772, 0.625, -0.115, -0.616, -0.692, 0.377, 0.156, 0.361, 0.919)},
		["Left Leg"] = {["CFrame"] = CFrame.new(-0.556, 0.414, 0.096, 0.983, -0.084, 0.161, 0.087, 0.996, -0.015, -0.159, 0.029, 0.987)},
		["Right Arm"] = {["CFrame"] = CFrame.new(0.309, 0.173, -0.361, -0.591, -0.715, 0.373, 0.787, -0.613, 0.072, 0.177, 0.336, 0.925)},
		["Right Leg"] = {["CFrame"] = CFrame.new(0.424, 0.864, 0.024, 0.979, -0.202, -0.008, 0.201, 0.979, -0.034, 0.014, 0.032, 0.999)},
	},
	[1.533] = {
		["Torso"] = {["CFrame"] = CFrame.new(0.066, -0.182, 0.133, 0.999, -0.01, 0.053, 0.021, 0.98, -0.198, -0.05, 0.199, 0.979)},
		["Head"] = {["CFrame"] = CFrame.new(0, 0, 0.018, 0.996, -0.049, -0.079, 0.061, 0.986, 0.156, 0.07, -0.16, 0.985)},
		["Left Arm"] = {["CFrame"] = CFrame.new(-0.386, -0.033, -0.402, -0.667, 0.684, -0.295, -0.701, -0.442, 0.56, 0.253, 0.58, 0.774)},
		["Left Leg"] = {["CFrame"] = CFrame.new(-0.527, 0.572, 0.107, 0.987, 0.01, 0.158, -0.004, 0.999, -0.039, -0.159, 0.038, 0.987)},
