loadstring(game:HttpGet("https://github.com/luanecoarc/Moon-Convert/raw/main/Scripts/Other/sendNotification.lua", true))()
loadstring(game:HttpGet("https://github.com/luanecoarc/Moon-Convert/raw/main/Scripts/Other/AlignCharacter.lua", true))()

-- // male

local Players = game:GetService("Players")
local TweenService = game:GetService("TweenService")

local LocalPlayer = Players.LocalPlayer
local Character = LocalPlayer.Character or LocalPlayer.CharacterAdded:Wait()
local Humanoid = Character:WaitForChild("Humanoid")

local RunService = game:GetService("RunService")

local CurrentAnimation = nil
local Running = false

Character.Animate.Enabled = false
Humanoid.RootPart.Anchored = true
local riggy = game.Players:CreateHumanoidModelFromDescription(Instance.new("HumanoidDescription"), Enum.HumanoidRigType.R6)
riggy.Parent = Character
riggy.Humanoid.RootPart.Anchored = true
riggy.Humanoid.RootPart.CFrame = Character.Humanoid.RootPart.CFrame

local Animator = Humanoid:FindFirstChildOfClass("Animator") or Instance.new("Animator", Humanoid)

for _, v in pairs(Animator:GetPlayingAnimationTracks()) do
	v:Stop()
end

local Motor6DMap = {
    ["Head"] = "Neck",
    ["Torso"] = "RootJoint",
    ["Left Arm"] = "Left Shoulder",
    ["Right Arm"] = "Right Shoulder",
    ["Left Leg"] = "Left Hip",
    ["Right Leg"] = "Right Hip"
}

local Motors = {}
for PartName, MotorName in pairs(Motor6DMap) do
	local Motor = Character:FindFirstChild(MotorName, true)
	if Motor then
		Motors[PartName] = {
			Motor = Motor,
			OriginalC0 = Motor.C0
		}
	end
end

-- Stores all running animations
local ActiveAnimations = {}

local function BuildPartAnimations(AnimationTable)
	local PartAnimations = {}
	local SortedTimestamps = {}
	for Timestamp in pairs(AnimationTable) do
		table.insert(SortedTimestamps, Timestamp)
	end
	table.sort(SortedTimestamps)

	for _, Timestamp in ipairs(SortedTimestamps) do
		local Poses = AnimationTable[Timestamp]
		for PartName, PoseData in pairs(Poses) do
			if not PartAnimations[PartName] then
				PartAnimations[PartName] = {}
			end
			table.insert(PartAnimations[PartName], {
				Timestamp,
				PoseData.CFrame,
				PoseData.Style or Enum.EasingStyle.Linear,
				PoseData.Direction or Enum.EasingDirection.In
			})
		end
	end
	return PartAnimations
end

function PlayAnimation(Name, AnimationTable, Loop, Speed)
	Speed = Speed or 1
	Loop = Loop ~= false
	StopAnimation(Name)

	local PartAnimations = BuildPartAnimations(AnimationTable)
	ActiveAnimations[Name] = {}

	for PartName, Keyframes in pairs(PartAnimations) do
		if Motors[PartName] then
			local Thread = task.spawn(function()
				while Loop do
					for i = 1, #Keyframes do
						local Frame = Keyframes[i]
						local PrevFrame = Keyframes[i - 1]
						local Duration = (Frame[1] - (PrevFrame and PrevFrame[1] or 0)) / Speed
						local TweenInfoObj = TweenInfo.new(Duration, Frame[3], Frame[4])
						local Tween = TweenService:Create(
							Motors[PartName].Motor,
							TweenInfoObj,
							{C0 = Motors[PartName].OriginalC0 * Frame[2]}
						)
						Tween:Play()
						task.wait(Duration)
					end
					task.wait()
				end
			end)
			ActiveAnimations[Name][PartName] = Thread
		end
	end
end

local function TransitionAnimation(NewAnimTable, Duration)
	local FirstTimestamp = math.huge
	for Timestamp in pairs(NewAnimTable) do
		if Timestamp < FirstTimestamp then
			FirstTimestamp = Timestamp
		end
	end

	for PartName, MotorData in pairs(Motors) do
		local PoseData = NewAnimTable[FirstTimestamp] and NewAnimTable[FirstTimestamp][PartName]
		if PoseData then
			local TargetC0 = MotorData.OriginalC0 * PoseData.CFrame
			local TweenInfoObj = TweenInfo.new(Duration, Enum.EasingStyle.Linear, Enum.EasingDirection.InOut)
			local Tween = TweenService:Create(MotorData.Motor, TweenInfoObj, {C0 = TargetC0})
			Tween:Play()
		end
	end

	task.wait(Duration)
end

function StopAnimation(Name)
	local Anim = ActiveAnimations[Name]
	if Anim then
		for _, Thread in pairs(Anim) do
			task.cancel(Thread)
		end
		ActiveAnimations[Name] = nil
	end
end

function StopAllAnimations()
	for Name in pairs(ActiveAnimations) do
		StopAnimation(Name)
	end
end

local Sex1 = {
	[0] = {
		["Torso"] = {["CFrame"] = CFrame.new(0, 1.312, -2.81, 1, 0, 0, 0, 0.082, 0.997, 0, -0.997, 0.082)},
		["Head"] = {["CFrame"] = CFrame.new(0, 0, 0, 0.895, 0, 0.447, 0, 1, 0, -0.447, 0, 0.895)},
		["Left Arm"] = {["CFrame"] = CFrame.new(0, 0, -0, 0.713, 0.629, -0.31, -0.7, 0.617, -0.36, -0.035, 0.474, 0.88)},
		["Left Leg"] = {["CFrame"] = CFrame.new(-0.265, -0.017, 0.178, 0.87, -0.407, 0.277, 0.381, 0.913, 0.146, -0.312, -0.022, 0.95)},
		["Right Arm"] = {["CFrame"] = CFrame.new(-0, 0, 0, 0.753, -0.549, 0.364, 0.658, 0.648, -0.385, -0.025, 0.529, 0.848)},
		["Right Leg"] = {["CFrame"] = CFrame.new(0.27, -0.084, 0.162, 0.874, 0.387, -0.293, -0.375, 0.922, 0.1, 0.308, 0.022, 0.951)},
		["M6DOrbs"] = {["CFrame"] = CFrame.new(-0.035, -0.077, -0.177, 0.999, -0.024, -0.026, 0.027, 0.991, 0.13, 0.023, -0.131, 0.991)},
		["M6DRod"] = {["CFrame"] = CFrame.new(-0.031, -0.181, -0.262, 1, 0, 0, -0, 0.36, -0.933, 0, 0.933, 0.36)},
	},
	[0.017] = {
		["Torso"] = {["CFrame"] = CFrame.new(0, 1.312, -2.81, 1, 0, 0, 0, 0.082, 0.997, 0, -0.997, 0.082)},
		["Head"] = {["CFrame"] = CFrame.new(0, -0, 0, 0.895, 0, 0.447, 0, 1, -0, -0.447, 0, 0.895)},
		["Left Arm"] = {["CFrame"] = CFrame.new(0, 0, 0, 0.713, 0.629, -0.31, -0.7, 0.617, -0.36, -0.035, 0.474, 0.88)},
		["Left Leg"] = {["CFrame"] = CFrame.new(-0.265, -0.017, 0.178, 0.87, -0.407, 0.277, 0.381, 0.913, 0.146, -0.312, -0.022, 0.95)},
		["Right Arm"] = {["CFrame"] = CFrame.new(-0, 0, 0, 0.753, -0.549, 0.364, 0.658, 0.648, -0.385, -0.025, 0.529, 0.848)},
		["Right Leg"] = {["CFrame"] = CFrame.new(0.27, -0.084, 0.162, 0.874, 0.387, -0.293, -0.375, 0.922, 0.1, 0.308, 0.022, 0.951)},
	},
	[0.033] = {
		["Torso"] = {["CFrame"] = CFrame.new(0, 1.312, -2.81, 1, 0, 0, 0, 0.082, 0.997, 0, -0.997, 0.082)},
		["Head"] = {["CFrame"] = CFrame.new(0, 0, 0, 0.895, 0, 0.447, 0, 1, -0, -0.447, 0, 0.895)},
		["Left Arm"] = {["CFrame"] = CFrame.new(0, -0, 0, 0.713, 0.629, -0.31, -0.7, 0.617, -0.36, -0.035, 0.474, 0.88)},
		["Left Leg"] = {["CFrame"] = CFrame.new(-0.265, -0.017, 0.178, 0.87, -0.407, 0.277, 0.381, 0.913, 0.146, -0.312, -0.022, 0.95)},
		["Right Arm"] = {["CFrame"] = CFrame.new(-0, 0, 0, 0.753, -0.549, 0.364, 0.658, 0.648, -0.385, -0.025, 0.529, 0.848)},
		["Right Leg"] = {["CFrame"] = CFrame.new(0.27, -0.084, 0.162, 0.874, 0.387, -0.293, -0.375, 0.922, 0.1, 0.308, 0.022, 0.951)},
	},
	[0.05] = {
		["Torso"] = {["CFrame"] = CFrame.new(0, 1.312, -2.81, 1, 0, 0, 0, 0.082, 0.997, 0, -0.997, 0.082)},
		["Head"] = {["CFrame"] = CFrame.new(0, 0, 0, 0.895, 0, 0.447, 0, 1, -0, -0.447, 0, 0.895)},
		["Left Arm"] = {["CFrame"] = CFrame.new(0, 0, 0, 0.713, 0.629, -0.31, -0.7, 0.617, -0.36, -0.035, 0.474, 0.88)},
		["Left Leg"] = {["CFrame"] = CFrame.new(-0.265, -0.017, 0.178, 0.87, -0.407, 0.277, 0.381, 0.913, 0.146, -0.312, -0.022, 0.95)},
		["Right Arm"] = {["CFrame"] = CFrame.new(-0, 0, 0, 0.753, -0.548, 0.364, 0.658, 0.648, -0.385, -0.025, 0.529, 0.848)},
		["Right Leg"] = {["CFrame"] = CFrame.new(0.27, -0.084, 0.162, 0.874, 0.387, -0.293, -0.375, 0.922, 0.1, 0.308, 0.022, 0.951)},
	},
	[0.067] = {
		["Torso"] = {["CFrame"] = CFrame.new(0, 1.312, -2.81, 1, 0, 0, 0, 0.082, 0.997, 0, -0.997, 0.082)},
		["Head"] = {["CFrame"] = CFrame.new(0, 0, 0, 0.895, 0, 0.447, -0, 1, -0, -0.447, 0, 0.895)},
		["Left Arm"] = {["CFrame"] = CFrame.new(0, 0, 0, 0.713, 0.628, -0.31, -0.7, 0.617, -0.36, -0.035, 0.474, 0.88)},
		["Left Leg"] = {["CFrame"] = CFrame.new(-0.265, -0.017, 0.178, 0.87, -0.407, 0.277, 0.381, 0.913, 0.146, -0.312, -0.022, 0.95)},
		["Right Arm"] = {["CFrame"] = CFrame.new(-0, 0, 0, 0.753, -0.548, 0.364, 0.658, 0.648, -0.385, -0.025, 0.529, 0.848)},
		["Right Leg"] = {["CFrame"] = CFrame.new(0.27, -0.084, 0.162, 0.874, 0.387, -0.293, -0.375, 0.922, 0.1, 0.308, 0.022, 0.951)},
	},
	[0.083] = {
		["Torso"] = {["CFrame"] = CFrame.new(0, 1.312, -2.81, 1, 0, 0, 0, 0.082, 0.997, 0, -0.997, 0.082)},
		["Head"] = {["CFrame"] = CFrame.new(0, 0, 0, 0.895, 0, 0.447, 0, 1, -0, -0.447, 0, 0.895)},
		["Left Arm"] = {["CFrame"] = CFrame.new(0, 0, 0, 0.714, 0.628, -0.31, -0.699, 0.618, -0.36, -0.034, 0.474, 0.88)},
		["Left Leg"] = {["CFrame"] = CFrame.new(-0.265, -0.017, 0.178, 0.87, -0.407, 0.277, 0.381, 0.913, 0.146, -0.312, -0.022, 0.95)},
		["Right Arm"] = {["CFrame"] = CFrame.new(-0, 0, 0, 0.753, -0.548, 0.364, 0.657, 0.648, -0.385, -0.025, 0.529, 0.848)},
		["Right Leg"] = {["CFrame"] = CFrame.new(0.27, -0.084, 0.162, 0.874, 0.387, -0.293, -0.375, 0.922, 0.1, 0.308, 0.022, 0.951)},
	},
	[0.1] = {
		["Torso"] = {["CFrame"] = CFrame.new(0, 1.312, -2.809, 1, 0, 0, 0, 0.082, 0.997, 0, -0.997, 0.082)},
		["Head"] = {["CFrame"] = CFrame.new(0, 0, -0, 0.895, 0, 0.447, 0, 1, -0, -0.447, 0, 0.895)},
		["Left Arm"] = {["CFrame"] = CFrame.new(0, 0, 0, 0.715, 0.627, -0.31, -0.699, 0.619, -0.36, -0.034, 0.474, 0.88)},
		["Left Leg"] = {["CFrame"] = CFrame.new(-0.265, -0.017, 0.178, 0.87, -0.407, 0.277, 0.381, 0.913, 0.146, -0.312, -0.022, 0.95)},
		["Right Arm"] = {["CFrame"] = CFrame.new(-0, 0, 0, 0.754, -0.547, 0.364, 0.656, 0.649, -0.385, -0.026, 0.529, 0.848)},
		["Right Leg"] = {["CFrame"] = CFrame.new(0.27, -0.084, 0.162, 0.874, 0.387, -0.292, -0.375, 0.922, 0.1, 0.308, 0.022, 0.951)},
	},
	[0.117] = {
		["Torso"] = {["CFrame"] = CFrame.new(0, 1.312, -2.809, 1, 0, 0, 0, 0.082, 0.997, 0, -0.997, 0.082)},
		["Head"] = {["CFrame"] = CFrame.new(0, 0, 0, 0.895, 0, 0.447, 0, 1, -0.001, -0.447, 0, 0.895)},
		["Left Arm"] = {["CFrame"] = CFrame.new(0, 0, 0, 0.716, 0.625, -0.31, -0.697, 0.62, -0.36, -0.033, 0.474, 0.88)},
		["Left Leg"] = {["CFrame"] = CFrame.new(-0.265, -0.017, 0.178, 0.87, -0.407, 0.277, 0.381, 0.913, 0.146, -0.312, -0.022, 0.95)},
		["Right Arm"] = {["CFrame"] = CFrame.new(-0, 0, 0, 0.755, -0.546, 0.364, 0.655, 0.65, -0.385, -0.027, 0.529, 0.848)},
		["Right Leg"] = {["CFrame"] = CFrame.new(0.27, -0.084, 0.162, 0.874, 0.387, -0.292, -0.375, 0.922, 0.1, 0.308, 0.022, 0.951)},
	},
	[0.133] = {
		["Torso"] = {["CFrame"] = CFrame.new(0, 1.312, -2.809, 1, 0, 0, 0, 0.082, 0.997, 0, -0.997, 0.082)},
		["Head"] = {["CFrame"] = CFrame.new(0, 0, 0, 0.895, 0, 0.447, 0, 1, -0.001, -0.447, 0.001, 0.895)},
		["Left Arm"] = {["CFrame"] = CFrame.new(0, 0, 0, 0.718, 0.623, -0.31, -0.695, 0.622, -0.36, -0.031, 0.474, 0.88)},
		["Left Leg"] = {["CFrame"] = CFrame.new(-0.265, -0.017, 0.178, 0.87, -0.408, 0.277, 0.381, 0.913, 0.146, -0.312, -0.022, 0.95)},
		["Right Arm"] = {["CFrame"] = CFrame.new(-0, 0, 0, 0.756, -0.544, 0.364, 0.653, 0.652, -0.385, -0.028, 0.529, 0.848)},
		["Right Leg"] = {["CFrame"] = CFrame.new(0.27, -0.084, 0.162, 0.874, 0.388, -0.292, -0.375, 0.922, 0.1, 0.308, 0.022, 0.951)},
	},
	[0.15] = {
		["Torso"] = {["CFrame"] = CFrame.new(0, 1.312, -2.808, 1, 0, 0, 0, 0.082, 0.997, 0, -0.997, 0.082)},
		["Head"] = {["CFrame"] = CFrame.new(0, 0, 0, 0.895, 0.001, 0.447, 0, 1, -0.001, -0.447, 0.001, 0.895)},
		["Left Arm"] = {["CFrame"] = CFrame.new(0, -0, 0, 0.721, 0.62, -0.31, -0.692, 0.625, -0.36, -0.029, 0.474, 0.88)},
		["Left Leg"] = {["CFrame"] = CFrame.new(-0.265, -0.017, 0.178, 0.87, -0.408, 0.276, 0.381, 0.913, 0.147, -0.312, -0.022, 0.95)},
		["Right Arm"] = {["CFrame"] = CFrame.new(-0, 0, 0, 0.759, -0.541, 0.364, 0.651, 0.655, -0.385, -0.03, 0.529, 0.848)},
		["Right Leg"] = {["CFrame"] = CFrame.new(0.27, -0.084, 0.162, 0.874, 0.388, -0.292, -0.376, 0.921, 0.1, 0.308, 0.022, 0.951)},
	},
	[0.167] = {
		["Torso"] = {["CFrame"] = CFrame.new(0, 1.312, -2.807, 1, 0, 0, 0, 0.082, 0.997, 0, -0.997, 0.082)},
		["Head"] = {["CFrame"] = CFrame.new(0, 0, 0, 0.895, 0.001, 0.447, 0, 1, -0.002, -0.447, 0.002, 0.895)},
		["Left Arm"] = {["CFrame"] = CFrame.new(0, 0, 0, 0.725, 0.615, -0.31, -0.688, 0.63, -0.36, -0.026, 0.474, 0.88)},
		["Left Leg"] = {["CFrame"] = CFrame.new(-0.265, -0.017, 0.178, 0.87, -0.408, 0.276, 0.382, 0.913, 0.147, -0.312, -0.022, 0.95)},
		["Right Arm"] = {["CFrame"] = CFrame.new(-0, 0, 0, 0.762, -0.536, 0.364, 0.647, 0.658, -0.385, -0.033, 0.528, 0.848)},
		["Right Leg"] = {["CFrame"] = CFrame.new(0.27, -0.085, 0.162, 0.874, 0.389, -0.292, -0.376, 0.921, 0.101, 0.308, 0.022, 0.951)},
	},
	[0.183] = {
		["Torso"] = {["CFrame"] = CFrame.new(0, 1.312, -2.805, 1, 0, 0, 0, 0.082, 0.997, 0, -0.997, 0.082)},
		["Head"] = {["CFrame"] = CFrame.new(0, 0, 0, 0.895, 0.001, 0.447, -0, 1, -0.003, -0.447, 0.003, 0.895)},
		["Left Arm"] = {["CFrame"] = CFrame.new(0, 0, 0, 0.73, 0.609, -0.31, -0.683, 0.636, -0.36, -0.022, 0.474, 0.88)},
		["Left Leg"] = {["CFrame"] = CFrame.new(-0.265, -0.018, 0.178, 0.87, -0.409, 0.276, 0.382, 0.912, 0.147, -0.312, -0.022, 0.95)},
		["Right Arm"] = {["CFrame"] = CFrame.new(-0, 0, 0, 0.766, -0.531, 0.364, 0.642, 0.663, -0.385, -0.037, 0.528, 0.848)},
		["Right Leg"] = {["CFrame"] = CFrame.new(0.27, -0.085, 0.162, 0.874, 0.389, -0.292, -0.377, 0.921, 0.101, 0.308, 0.022, 0.951)},
	},
	[0.2] = {
		["Torso"] = {["CFrame"] = CFrame.new(0, 1.312, -2.803, 1, 0, 0, 0, 0.082, 0.997, 0, -0.997, 0.082)},
		["Head"] = {["CFrame"] = CFrame.new(-0, 0, 0, 0.895, 0.002, 0.447, 0, 1, -0.004, -0.447, 0.004, 0.895)},
		["Left Arm"] = {["CFrame"] = CFrame.new(0, 0, 0, 0.737, 0.6, -0.31, -0.676, 0.644, -0.36, -0.016, 0.475, 0.88)},
		["Left Leg"] = {["CFrame"] = CFrame.new(-0.265, -0.018, 0.178, 0.869, -0.41, 0.276, 0.383, 0.912, 0.147, -0.312, -0.022, 0.95)},
		["Right Arm"] = {["CFrame"] = CFrame.new(-0, 0, 0, 0.771, -0.523, 0.364, 0.636, 0.669, -0.385, -0.042, 0.528, 0.848)},
		["Right Leg"] = {["CFrame"] = CFrame.new(0.27, -0.085, 0.162, 0.873, 0.39, -0.292, -0.378, 0.92, 0.101, 0.308, 0.022, 0.951)},
	},
	[0.217] = {
		["Torso"] = {["CFrame"] = CFrame.new(0, 1.312, -2.801, 1, 0, 0, 0, 0.082, 0.997, 0, -0.997, 0.082)},
		["Head"] = {["CFrame"] = CFrame.new(0, -0, 0, 0.895, 0.003, 0.447, 0, 1, -0.006, -0.447, 0.005, 0.895)},
		["Left Arm"] = {["CFrame"] = CFrame.new(0, 0, 0, 0.746, 0.59, -0.31, -0.666, 0.654, -0.36, -0.009, 0.475, 0.88)},
		["Left Leg"] = {["CFrame"] = CFrame.new(-0.265, -0.018, 0.178, 0.869, -0.411, 0.276, 0.384, 0.911, 0.148, -0.312, -0.023, 0.95)},
		["Right Arm"] = {["CFrame"] = CFrame.new(-0, 0, 0, 0.777, -0.513, 0.364, 0.627, 0.677, -0.385, -0.049, 0.527, 0.848)},
		["Right Leg"] = {["CFrame"] = CFrame.new(0.269, -0.086, 0.162, 0.873, 0.392, -0.292, -0.379, 0.92, 0.102, 0.308, 0.022, 0.951)},
	},
	[0.233] = {
		["Torso"] = {["CFrame"] = CFrame.new(0, 1.311, -2.798, 1, 0, 0, 0, 0.082, 0.997, 0, -0.997, 0.082)},
		["Head"] = {["CFrame"] = CFrame.new(0, 0, 0, 0.895, 0.004, 0.447, 0, 1, -0.008, -0.447, 0.007, 0.895)},
		["Left Arm"] = {["CFrame"] = CFrame.new(0, 0, 0, 0.757, 0.576, -0.31, -0.654, 0.666, -0.36, -0.001, 0.475, 0.88)},
		["Left Leg"] = {["CFrame"] = CFrame.new(-0.265, -0.018, 0.178, 0.868, -0.412, 0.276, 0.385, 0.911, 0.149, -0.312, -0.023, 0.95)},
		["Right Arm"] = {["CFrame"] = CFrame.new(-0, 0, 0, 0.785, -0.501, 0.364, 0.616, 0.687, -0.385, -0.057, 0.526, 0.848)},
		["Right Leg"] = {["CFrame"] = CFrame.new(0.269, -0.087, 0.162, 0.872, 0.393, -0.291, -0.38, 0.919, 0.103, 0.308, 0.021, 0.951)},
	},
	[0.25] = {
		["Torso"] = {["CFrame"] = CFrame.new(0, 1.311, -2.794, 1, 0, 0, 0, 0.082, 0.997, 0, -0.997, 0.082)},
		["Head"] = {["CFrame"] = CFrame.new(0, -0, 0, 0.895, 0.005, 0.447, 0, 1, -0.011, -0.447, 0.01, 0.895)},
		["Left Arm"] = {["CFrame"] = CFrame.new(0, 0, 0, 0.77, 0.558, -0.31, -0.638, 0.681, -0.36, 0.01, 0.475, 0.88)},
		["Left Leg"] = {["CFrame"] = CFrame.new(-0.265, -0.018, 0.178, 0.868, -0.414, 0.275, 0.387, 0.91, 0.149, -0.312, -0.023, 0.95)},
		["Right Arm"] = {["CFrame"] = CFrame.new(-0, 0, 0, 0.795, -0.485, 0.364, 0.603, 0.699, -0.385, -0.068, 0.525, 0.848)},
		["Right Leg"] = {["CFrame"] = CFrame.new(0.269, -0.088, 0.162, 0.871, 0.395, -0.291, -0.382, 0.918, 0.104, 0.308, 0.021, 0.951)},
		["M6DOrbs"] = {["CFrame"] = CFrame.new(-0.035, -0.077, -0.177, 0.999, -0.021, -0.025, 0.026, 0.979, 0.2, 0.021, -0.2, 0.979)},
	},
	[0.267] = {
		["Torso"] = {["CFrame"] = CFrame.new(0, 1.311, -2.79, 1, 0, 0, 0, 0.082, 0.997, 0, -0.997, 0.082)},
		["Head"] = {["CFrame"] = CFrame.new(0, 0, -0, 0.895, 0.006, 0.447, 0, 1, -0.014, -0.447, 0.012, 0.895)},
		["Left Arm"] = {["CFrame"] = CFrame.new(0, 0, 0, 0.782, 0.54, -0.31, -0.623, 0.695, -0.36, 0.021, 0.474, 0.88)},
		["Left Leg"] = {["CFrame"] = CFrame.new(-0.265, -0.018, 0.178, 0.867, -0.415, 0.275, 0.388, 0.909, 0.15, -0.312, -0.023, 0.95)},
		["Right Arm"] = {["CFrame"] = CFrame.new(-0, 0, 0, 0.805, -0.469, 0.364, 0.589, 0.711, -0.385, -0.078, 0.524, 0.848)},
		["Right Leg"] = {["CFrame"] = CFrame.new(0.268, -0.089, 0.162, 0.87, 0.397, -0.291, -0.384, 0.917, 0.104, 0.308, 0.021, 0.951)},
	},
	[0.283] = {
		["Torso"] = {["CFrame"] = CFrame.new(0, 1.31, -2.787, 1, 0, 0, 0, 0.082, 0.997, 0, -0.997, 0.082)},
		["Head"] = {["CFrame"] = CFrame.new(0, 0, -0, 0.895, 0.008, 0.447, -0, 1, -0.018, -0.447, 0.016, 0.895)},
		["Left Arm"] = {["CFrame"] = CFrame.new(0, 0, 0, 0.792, 0.526, -0.31, -0.61, 0.706, -0.36, 0.03, 0.474, 0.88)},
		["Left Leg"] = {["CFrame"] = CFrame.new(-0.265, -0.018, 0.178, 0.867, -0.417, 0.275, 0.389, 0.909, 0.151, -0.312, -0.024, 0.95)},
		["Right Arm"] = {["CFrame"] = CFrame.new(-0, 0, 0, 0.812, -0.456, 0.364, 0.577, 0.72, -0.385, -0.086, 0.522, 0.848)},
		["Right Leg"] = {["CFrame"] = CFrame.new(0.268, -0.089, 0.162, 0.87, 0.399, -0.29, -0.386, 0.917, 0.105, 0.308, 0.02, 0.951)},
	},
	[0.3] = {
		["Torso"] = {["CFrame"] = CFrame.new(0, 1.31, -2.785, 1, 0, 0, 0, 0.082, 0.997, 0, -0.997, 0.082)},
		["Head"] = {["CFrame"] = CFrame.new(0, -0, 0, 0.895, 0.01, 0.447, 0, 1, -0.022, -0.447, 0.02, 0.894)},
		["Left Arm"] = {["CFrame"] = CFrame.new(0, 0, 0, 0.8, 0.514, -0.31, -0.599, 0.715, -0.36, 0.037, 0.473, 0.88)},
		["Left Leg"] = {["CFrame"] = CFrame.new(-0.265, -0.018, 0.178, 0.866, -0.418, 0.274, 0.39, 0.908, 0.151, -0.312, -0.024, 0.95)},
		["Right Arm"] = {["CFrame"] = CFrame.new(-0, 0, 0, 0.818, -0.446, 0.364, 0.568, 0.728, -0.385, -0.093, 0.521, 0.848)},
		["Right Leg"] = {["CFrame"] = CFrame.new(0.268, -0.09, 0.162, 0.869, 0.4, -0.29, -0.387, 0.916, 0.106, 0.308, 0.02, 0.951)},
	},
	[0.317] = {
		["Torso"] = {["CFrame"] = CFrame.new(0, 1.31, -2.783, 1, 0, 0, 0, 0.082, 0.997, 0, -0.997, 0.082)},
		["Head"] = {["CFrame"] = CFrame.new(-0, 0, 0, 0.895, 0.012, 0.447, 0, 1, -0.028, -0.447, 0.025, 0.894)},
		["Left Arm"] = {["CFrame"] = CFrame.new(0, 0, 0, 0.806, 0.505, -0.31, -0.591, 0.722, -0.36, 0.042, 0.473, 0.88)},
		["Left Leg"] = {["CFrame"] = CFrame.new(-0.264, -0.018, 0.178, 0.866, -0.419, 0.274, 0.391, 0.908, 0.152, -0.312, -0.024, 0.95)},
		["Right Arm"] = {["CFrame"] = CFrame.new(0, 0, 0, 0.822, -0.438, 0.364, 0.561, 0.733, -0.385, -0.098, 0.52, 0.848)},
		["Right Leg"] = {["CFrame"] = CFrame.new(0.267, -0.09, 0.162, 0.869, 0.401, -0.29, -0.388, 0.916, 0.106, 0.308, 0.02, 0.951)},
	},
	[0.333] = {
		["Torso"] = {["CFrame"] = CFrame.new(0, 1.31, -2.782, 1, 0, 0, 0, 0.082, 0.997, 0, -0.997, 0.082)},
		["Head"] = {["CFrame"] = CFrame.new(-0, 0, 0, 0.895, 0.015, 0.446, 0, 0.999, -0.034, -0.447, 0.03, 0.894)},
		["Left Arm"] = {["CFrame"] = CFrame.new(0, 0, 0, 0.81, 0.498, -0.31, -0.584, 0.727, -0.36, 0.046, 0.473, 0.88)},
		["Left Leg"] = {["CFrame"] = CFrame.new(-0.264, -0.018, 0.178, 0.866, -0.419, 0.274, 0.392, 0.908, 0.152, -0.312, -0.024, 0.95)},
		["Right Arm"] = {["CFrame"] = CFrame.new(-0, 0, 0, 0.825, -0.432, 0.364, 0.555, 0.737, -0.385, -0.102, 0.52, 0.848)},
		["Right Leg"] = {["CFrame"] = CFrame.new(0.267, -0.091, 0.162, 0.869, 0.402, -0.29, -0.388, 0.915, 0.107, 0.308, 0.02, 0.951)},
	},
	[0.35] = {
		["Torso"] = {["CFrame"] = CFrame.new(0, 1.31, -2.78, 1, 0, 0, 0, 0.082, 0.997, 0, -0.997, 0.082)},
		["Head"] = {["CFrame"] = CFrame.new(0, -0, 0, 0.895, 0.018, 0.446, 0, 0.999, -0.04, -0.447, 0.036, 0.894)},
		["Left Arm"] = {["CFrame"] = CFrame.new(0, 0, 0, 0.813, 0.492, -0.31, -0.58, 0.731, -0.36, 0.049, 0.472, 0.88)},
		["Left Leg"] = {["CFrame"] = CFrame.new(-0.264, -0.019, 0.178, 0.865, -0.42, 0.274, 0.392, 0.907, 0.152, -0.312, -0.024, 0.95)},
		["Right Arm"] = {["CFrame"] = CFrame.new(-0, 0, 0, 0.828, -0.427, 0.364, 0.551, 0.74, -0.385, -0.105, 0.519, 0.848)},
		["Right Leg"] = {["CFrame"] = CFrame.new(0.267, -0.091, 0.162, 0.868, 0.403, -0.29, -0.389, 0.915, 0.107, 0.308, 0.02, 0.951)},
	},
	[0.367] = {
		["Torso"] = {["CFrame"] = CFrame.new(0, 1.31, -2.78, 1, 0, 0, 0, 0.082, 0.997, 0, -0.997, 0.082)},
		["Head"] = {["CFrame"] = CFrame.new(0, -0, 0, 0.895, 0.02, 0.446, -0, 0.999, -0.046, -0.447, 0.041, 0.894)},
		["Left Arm"] = {["CFrame"] = CFrame.new(0, 0, 0, 0.816, 0.489, -0.31, -0.576, 0.734, -0.36, 0.052, 0.472, 0.88)},
		["Left Leg"] = {["CFrame"] = CFrame.new(-0.264, -0.019, 0.178, 0.865, -0.42, 0.274, 0.392, 0.907, 0.152, -0.312, -0.024, 0.95)},
		["Right Arm"] = {["CFrame"] = CFrame.new(-0, 0, 0, 0.829, -0.424, 0.364, 0.548, 0.743, -0.385, -0.107, 0.519, 0.848)},
		["Right Leg"] = {["CFrame"] = CFrame.new(0.267, -0.091, 0.162, 0.868, 0.403, -0.29, -0.389, 0.915, 0.107, 0.308, 0.02, 0.951)},
	},
	[0.383] = {
		["Torso"] = {["CFrame"] = CFrame.new(0, 1.31, -2.779, 1, 0, 0, 0, 0.082, 0.997, 0, -0.997, 0.082)},
		["Head"] = {["CFrame"] = CFrame.new(0, 0, 0, 0.895, 0.022, 0.446, -0, 0.999, -0.05, -0.447, 0.045, 0.894)},
		["Left Arm"] = {["CFrame"] = CFrame.new(0, 0, 0, 0.817, 0.486, -0.31, -0.574, 0.736, -0.36, 0.053, 0.472, 0.88)},
		["Left Leg"] = {["CFrame"] = CFrame.new(-0.264, -0.019, 0.178, 0.865, -0.42, 0.274, 0.392, 0.907, 0.152, -0.312, -0.024, 0.95)},
		["Right Arm"] = {["CFrame"] = CFrame.new(-0, 0, 0, 0.831, -0.422, 0.364, 0.546, 0.744, -0.385, -0.109, 0.518, 0.848)},
		["Right Leg"] = {["CFrame"] = CFrame.new(0.267, -0.091, 0.162, 0.868, 0.403, -0.289, -0.39, 0.915, 0.107, 0.308, 0.02, 0.951)},
	},
	[0.4] = {
		["Torso"] = {["CFrame"] = CFrame.new(0, 1.31, -2.779, 1, 0, 0, 0, 0.082, 0.997, 0, -0.997, 0.082)},
		["Head"] = {["CFrame"] = CFrame.new(0, -0, 0, 0.895, 0.024, 0.446, 0, 0.999, -0.054, -0.447, 0.048, 0.893)},
		["Left Arm"] = {["CFrame"] = CFrame.new(0, 0, 0, 0.818, 0.484, -0.31, -0.573, 0.737, -0.36, 0.054, 0.472, 0.88)},
		["Left Leg"] = {["CFrame"] = CFrame.new(-0.264, -0.019, 0.178, 0.865, -0.42, 0.274, 0.393, 0.907, 0.152, -0.312, -0.024, 0.95)},
		["Right Arm"] = {["CFrame"] = CFrame.new(-0, 0, 0, 0.831, -0.42, 0.364, 0.545, 0.745, -0.385, -0.109, 0.518, 0.848)},
		["Right Leg"] = {["CFrame"] = CFrame.new(0.267, -0.091, 0.162, 0.868, 0.404, -0.289, -0.39, 0.915, 0.107, 0.308, 0.02, 0.951)},
	},
	[0.417] = {
		["Torso"] = {["CFrame"] = CFrame.new(0, 1.31, -2.779, 1, 0, 0, 0, 0.082, 0.997, 0, -0.997, 0.082)},
		["Head"] = {["CFrame"] = CFrame.new(-0, 0, 0, 0.895, 0.025, 0.446, 0, 0.998, -0.057, -0.447, 0.051, 0.893)},
		["Left Arm"] = {["CFrame"] = CFrame.new(0, 0, 0, 0.819, 0.483, -0.31, -0.572, 0.738, -0.36, 0.055, 0.472, 0.88)},
		["Left Leg"] = {["CFrame"] = CFrame.new(-0.264, -0.019, 0.178, 0.865, -0.42, 0.274, 0.393, 0.907, 0.152, -0.312, -0.024, 0.95)},
		["Right Arm"] = {["CFrame"] = CFrame.new(-0, 0, 0, 0.832, -0.419, 0.364, 0.544, 0.746, -0.385, -0.11, 0.518, 0.848)},
		["Right Leg"] = {["CFrame"] = CFrame.new(0.267, -0.091, 0.162, 0.868, 0.404, -0.289, -0.39, 0.915, 0.107, 0.308, 0.02, 0.951)},
	},
	[0.433] = {
		["Torso"] = {["CFrame"] = CFrame.new(0, 1.31, -2.779, 1, 0, 0, 0, 0.082, 0.997, 0, -0.997, 0.082)},
		["Head"] = {["CFrame"] = CFrame.new(-0, 0, 0, 0.895, 0.027, 0.446, 0, 0.998, -0.06, -0.447, 0.053, 0.893)},
		["Left Arm"] = {["CFrame"] = CFrame.new(0, 0, 0, 0.819, 0.483, -0.31, -0.571, 0.738, -0.36, 0.055, 0.472, 0.88)},
		["Left Leg"] = {["CFrame"] = CFrame.new(-0.264, -0.019, 0.178, 0.865, -0.421, 0.274, 0.393, 0.907, 0.152, -0.312, -0.024, 0.95)},
		["Right Arm"] = {["CFrame"] = CFrame.new(-0, 0, 0, 0.832, -0.419, 0.364, 0.544, 0.746, -0.385, -0.11, 0.518, 0.848)},
		["Right Leg"] = {["CFrame"] = CFrame.new(0.267, -0.091, 0.162, 0.868, 0.404, -0.289, -0.39, 0.915, 0.107, 0.308, 0.02, 0.951)},
	},
	[0.45] = {
		["Torso"] = {["CFrame"] = CFrame.new(0, 1.31, -2.778, 1, 0, 0, 0, 0.082, 0.997, 0, -0.997, 0.082)},
		["Head"] = {["CFrame"] = CFrame.new(0, 0, -0, 0.895, 0.028, 0.446, 0, 0.998, -0.062, -0.447, 0.055, 0.893)},
		["Left Arm"] = {["CFrame"] = CFrame.new(0, 0, 0, 0.819, 0.483, -0.31, -0.571, 0.738, -0.36, 0.055, 0.472, 0.88)},
		["Left Leg"] = {["CFrame"] = CFrame.new(-0.264, -0.019, 0.178, 0.865, -0.421, 0.274, 0.393, 0.907, 0.152, -0.312, -0.024, 0.95)},
		["Right Arm"] = {["CFrame"] = CFrame.new(-0, 0, 0, 0.832, -0.418, 0.364, 0.543, 0.746, -0.385, -0.11, 0.518, 0.848)},
		["Right Leg"] = {["CFrame"] = CFrame.new(0.267, -0.091, 0.162, 0.868, 0.404, -0.289, -0.39, 0.915, 0.107, 0.308, 0.02, 0.951)},
	},
	[0.467] = {
		["Torso"] = {["CFrame"] = CFrame.new(0, 1.31, -2.778, 1, 0, 0, 0, 0.082, 0.997, 0, -0.997, 0.082)},
		["Head"] = {["CFrame"] = CFrame.new(0, 0, 0, 0.895, 0.028, 0.446, 0, 0.998, -0.063, -0.447, 0.057, 0.893)},
		["Left Arm"] = {["CFrame"] = CFrame.new(0, -0, 0, 0.819, 0.482, -0.31, -0.571, 0.738, -0.36, 0.055, 0.472, 0.88)},
		["Left Leg"] = {["CFrame"] = CFrame.new(-0.264, -0.019, 0.178, 0.865, -0.421, 0.274, 0.393, 0.907, 0.152, -0.312, -0.024, 0.95)},
		["Right Arm"] = {["CFrame"] = CFrame.new(-0, 0, 0, 0.832, -0.418, 0.364, 0.543, 0.746, -0.385, -0.111, 0.518, 0.848)},
		["Right Leg"] = {["CFrame"] = CFrame.new(0.267, -0.091, 0.162, 0.868, 0.404, -0.289, -0.39, 0.915, 0.107, 0.308, 0.02, 0.951)},
	},
	[0.483] = {
		["Torso"] = {["CFrame"] = CFrame.new(0, 1.31, -2.778, 1, 0, 0, 0, 0.082, 0.997, 0, -0.997, 0.082)},
		["Head"] = {["CFrame"] = CFrame.new(-0, 0, -0, 0.895, 0.029, 0.446, 0, 0.998, -0.065, -0.447, 0.058, 0.893)},
		["Left Arm"] = {["CFrame"] = CFrame.new(0, 0, 0, 0.819, 0.482, -0.31, -0.571, 0.738, -0.36, 0.055, 0.472, 0.88)},
		["Left Leg"] = {["CFrame"] = CFrame.new(-0.264, -0.019, 0.178, 0.865, -0.421, 0.274, 0.393, 0.907, 0.152, -0.312, -0.024, 0.95)},
		["Right Arm"] = {["CFrame"] = CFrame.new(-0, 0, 0, 0.832, -0.418, 0.364, 0.543, 0.746, -0.385, -0.111, 0.518, 0.848)},
		["Right Leg"] = {["CFrame"] = CFrame.new(0.267, -0.091, 0.162, 0.868, 0.404, -0.289, -0.39, 0.915, 0.107, 0.308, 0.02, 0.951)},
	},
	[0.5] = {
		["Torso"] = {["CFrame"] = CFrame.new(0, 1.31, -2.778, 1, 0, 0, 0, 0.082, 0.997, 0, -0.997, 0.082)},
		["Head"] = {["CFrame"] = CFrame.new(0, -0, 0, 0.895, 0.029, 0.446, 0, 0.998, -0.066, -0.447, 0.059, 0.893)},
		["Left Arm"] = {["CFrame"] = CFrame.new(0, 0, -0, 0.819, 0.482, -0.31, -0.571, 0.738, -0.36, 0.055, 0.472, 0.88)},
		["Left Leg"] = {["CFrame"] = CFrame.new(-0.264, -0.019, 0.178, 0.865, -0.421, 0.274, 0.393, 0.907, 0.152, -0.312, -0.024, 0.95)},
		["Right Arm"] = {["CFrame"] = CFrame.new(-0, 0, 0, 0.832, -0.418, 0.364, 0.543, 0.746, -0.385, -0.111, 0.518, 0.848)},
		["Right Leg"] = {["CFrame"] = CFrame.new(0.267, -0.091, 0.162, 0.868, 0.404, -0.289, -0.39, 0.915, 0.107, 0.308, 0.02, 0.951)},
		["M6DRod"] = {["CFrame"] = CFrame.new(-0.031, -0.181, -0.262, 1, 0, 0, -0, 0.245, -0.97, 0, 0.97, 0.245)},
	},
	[0.517] = {
		["Torso"] = {["CFrame"] = CFrame.new(0, 1.31, -2.778, 1, 0, 0, 0, 0.082, 0.997, 0, -0.997, 0.082)},
		["Head"] = {["CFrame"] = CFrame.new(0, -0, 0, 0.895, 0.03, 0.446, 0, 0.998, -0.066, -0.447, 0.059, 0.893)},
		["Left Arm"] = {["CFrame"] = CFrame.new(0, 0, 0, 0.819, 0.483, -0.31, -0.571, 0.738, -0.36, 0.055, 0.472, 0.88)},
		["Left Leg"] = {["CFrame"] = CFrame.new(-0.264, -0.019, 0.178, 0.865, -0.421, 0.274, 0.393, 0.907, 0.152, -0.312, -0.024, 0.95)},
		["Right Arm"] = {["CFrame"] = CFrame.new(0, 0, 0, 0.832, -0.418, 0.364, 0.543, 0.746, -0.385, -0.11, 0.518, 0.848)},
		["Right Leg"] = {["CFrame"] = CFrame.new(0.267, -0.091, 0.162, 0.868, 0.404, -0.289, -0.39, 0.915, 0.107, 0.308, 0.02, 0.951)},
	},
	[0.533] = {
		["Torso"] = {["CFrame"] = CFrame.new(0, 1.31, -2.779, 1, 0, 0, 0, 0.082, 0.997, 0, -0.997, 0.082)},
		["Head"] = {["CFrame"] = CFrame.new(0, -0, 0, 0.895, 0.03, 0.446, 0, 0.998, -0.067, -0.447, 0.06, 0.893)},
		["Left Arm"] = {["CFrame"] = CFrame.new(0, 0, 0, 0.819, 0.483, -0.31, -0.571, 0.738, -0.36, 0.055, 0.472, 0.88)},
		["Left Leg"] = {["CFrame"] = CFrame.new(-0.264, -0.019, 0.178, 0.865, -0.421, 0.274, 0.393, 0.907, 0.152, -0.312, -0.024, 0.95)},
		["Right Arm"] = {["CFrame"] = CFrame.new(-0, 0, 0, 0.832, -0.419, 0.364, 0.544, 0.746, -0.385, -0.11, 0.518, 0.848)},
		["Right Leg"] = {["CFrame"] = CFrame.new(0.267, -0.091, 0.162, 0.868, 0.404, -0.289, -0.39, 0.915, 0.107, 0.308, 0.02, 0.951)},
	},
	[0.55] = {
		["Torso"] = {["CFrame"] = CFrame.new(0, 1.31, -2.779, 1, 0, 0, 0, 0.082, 0.997, 0, -0.997, 0.082)},
		["Head"] = {["CFrame"] = CFrame.new(0, 0, 0, 0.895, 0.03, 0.446, 0, 0.998, -0.067, -0.447, 0.06, 0.893)},
		["Left Arm"] = {["CFrame"] = CFrame.new(0, 0, 0, 0.819, 0.484, -0.31, -0.572, 0.737, -0.36, 0.055, 0.472, 0.88)},
		["Left Leg"] = {["CFrame"] = CFrame.new(-0.264, -0.019, 0.178, 0.865, -0.42, 0.274, 0.393, 0.907, 0.152, -0.312, -0.024, 0.95)},
		["Right Arm"] = {["CFrame"] = CFrame.new(-0, 0, 0, 0.832, -0.419, 0.364, 0.544, 0.746, -0.385, -0.11, 0.518, 0.848)},
		["Right Leg"] = {["CFrame"] = CFrame.new(0.267, -0.091, 0.162, 0.868, 0.404, -0.289, -0.39, 0.915, 0.107, 0.308, 0.02, 0.951)},
	},
	[0.567] = {
		["Torso"] = {["CFrame"] = CFrame.new(0, 1.31, -2.779, 1, 0, 0, 0, 0.082, 0.997, 0, -0.997, 0.082)},
		["Head"] = {["CFrame"] = CFrame.new(-0, 0, -0, 0.895, 0.03, 0.446, 0, 0.998, -0.067, -0.447, 0.06, 0.893)},
		["Left Arm"] = {["CFrame"] = CFrame.new(0, 0, 0, 0.818, 0.484, -0.31, -0.573, 0.737, -0.36, 0.054, 0.472, 0.88)},
		["Left Leg"] = {["CFrame"] = CFrame.new(-0.264, -0.019, 0.178, 0.865, -0.42, 0.274, 0.393, 0.907, 0.152, -0.312, -0.024, 0.95)},
		["Right Arm"] = {["CFrame"] = CFrame.new(-0, 0, 0, 0.831, -0.42, 0.364, 0.545, 0.745, -0.385, -0.109, 0.518, 0.848)},
		["Right Leg"] = {["CFrame"] = CFrame.new(0.267, -0.091, 0.162, 0.868, 0.404, -0.289, -0.39, 0.915, 0.107, 0.308, 0.02, 0.951)},
		["M6DOrbs"] = {["CFrame"] = CFrame.new(-0.035, -0.077, -0.177, 0.999, -0.023, -0.026, 0.027, 0.988, 0.15, 0.022, -0.15, 0.988)},
	},
	[0.583] = {
		["Torso"] = {["CFrame"] = CFrame.new(0, 1.31, -2.779, 1, 0, 0, 0, 0.082, 0.997, 0, -0.997, 0.082)},
		["Head"] = {["CFrame"] = CFrame.new(0, 0, 0, 0.895, 0.03, 0.446, 0, 0.998, -0.068, -0.447, 0.06, 0.893)},
		["Left Arm"] = {["CFrame"] = CFrame.new(0, 0, 0, 0.817, 0.485, -0.31, -0.574, 0.736, -0.36, 0.054, 0.472, 0.88)},
		["Left Leg"] = {["CFrame"] = CFrame.new(-0.264, -0.019, 0.178, 0.865, -0.42, 0.274, 0.392, 0.907, 0.152, -0.312, -0.024, 0.95)},
		["Right Arm"] = {["CFrame"] = CFrame.new(-0, 0, 0, 0.831, -0.421, 0.364, 0.546, 0.744, -0.385, -0.109, 0.518, 0.848)},
		["Right Leg"] = {["CFrame"] = CFrame.new(0.267, -0.091, 0.162, 0.868, 0.404, -0.289, -0.39, 0.915, 0.107, 0.308, 0.02, 0.951)},
	},
	[0.6] = {
		["Torso"] = {["CFrame"] = CFrame.new(0, 1.31, -2.779, 1, 0, 0, 0, 0.082, 0.997, 0, -0.997, 0.082)},
		["Head"] = {["CFrame"] = CFrame.new(-0, 0, 0, 0.895, 0.03, 0.446, -0, 0.998, -0.068, -0.447, 0.061, 0.893)},
		["Left Arm"] = {["CFrame"] = CFrame.new(0, -0, 0, 0.817, 0.487, -0.31, -0.575, 0.735, -0.36, 0.053, 0.472, 0.88)},
		["Left Leg"] = {["CFrame"] = CFrame.new(-0.264, -0.019, 0.178, 0.865, -0.42, 0.274, 0.392, 0.907, 0.152, -0.312, -0.024, 0.95)},
		["Right Arm"] = {["CFrame"] = CFrame.new(-0, 0, 0, 0.83, -0.422, 0.364, 0.547, 0.744, -0.385, -0.108, 0.518, 0.848)},
		["Right Leg"] = {["CFrame"] = CFrame.new(0.267, -0.091, 0.162, 0.868, 0.403, -0.289, -0.389, 0.915, 0.107, 0.308, 0.02, 0.951)},
	},
	[0.617] = {
		["Torso"] = {["CFrame"] = CFrame.new(0, 1.31, -2.78, 1, 0, 0, 0, 0.082, 0.997, 0, -0.997, 0.082)},
		["Head"] = {["CFrame"] = CFrame.new(0, 0, -0, 0.895, 0.03, 0.446, 0, 0.998, -0.068, -0.447, 0.061, 0.893)},
		["Left Arm"] = {["CFrame"] = CFrame.new(0, 0, 0, 0.816, 0.488, -0.31, -0.576, 0.734, -0.36, 0.052, 0.472, 0.88)},
		["Left Leg"] = {["CFrame"] = CFrame.new(-0.264, -0.019, 0.178, 0.865, -0.42, 0.274, 0.392, 0.907, 0.152, -0.312, -0.024, 0.95)},
		["Right Arm"] = {["CFrame"] = CFrame.new(-0, 0, 0, 0.83, -0.424, 0.364, 0.548, 0.743, -0.385, -0.107, 0.519, 0.848)},
		["Right Leg"] = {["CFrame"] = CFrame.new(0.267, -0.091, 0.162, 0.868, 0.403, -0.29, -0.389, 0.915, 0.107, 0.308, 0.02, 0.951)},
	},
	[0.633] = {
		["Torso"] = {["CFrame"] = CFrame.new(0, 1.31, -2.78, 1, 0, 0, 0, 0.082, 0.997, 0, -0.997, 0.082)},
		["Head"] = {["CFrame"] = CFrame.new(0, 0, 0, 0.895, 0.03, 0.446, 0, 0.998, -0.068, -0.447, 0.061, 0.893)},
		["Left Arm"] = {["CFrame"] = CFrame.new(0, 0, 0, 0.815, 0.49, -0.31, -0.578, 0.733, -0.36, 0.051, 0.472, 0.88)},
		["Left Leg"] = {["CFrame"] = CFrame.new(-0.264, -0.019, 0.178, 0.865, -0.42, 0.274, 0.392, 0.907, 0.152, -0.312, -0.024, 0.95)},
		["Right Arm"] = {["CFrame"] = CFrame.new(-0, 0, 0, 0.829, -0.425, 0.364, 0.549, 0.742, -0.385, -0.106, 0.519, 0.848)},
		["Right Leg"] = {["CFrame"] = CFrame.new(0.267, -0.091, 0.162, 0.868, 0.403, -0.29, -0.389, 0.915, 0.107, 0.308, 0.02, 0.951)},
	},
	[0.65] = {
		["Torso"] = {["CFrame"] = CFrame.new(0, 1.31, -2.78, 1, 0, 0, 0, 0.082, 0.997, 0, -0.997, 0.082)},
		["Head"] = {["CFrame"] = CFrame.new(0, -0, 0, 0.895, 0.03, 0.446, 0, 0.998, -0.068, -0.447, 0.061, 0.893)},
		["Left Arm"] = {["CFrame"] = CFrame.new(0, 0, 0, 0.813, 0.492, -0.31, -0.58, 0.731, -0.36, 0.049, 0.472, 0.88)},
		["Left Leg"] = {["CFrame"] = CFrame.new(-0.264, -0.019, 0.178, 0.865, -0.42, 0.274, 0.392, 0.907, 0.152, -0.312, -0.024, 0.95)},
		["Right Arm"] = {["CFrame"] = CFrame.new(-0, 0, 0, 0.828, -0.427, 0.364, 0.551, 0.74, -0.385, -0.105, 0.519, 0.848)},
		["Right Leg"] = {["CFrame"] = CFrame.new(0.267, -0.091, 0.162, 0.868, 0.403, -0.29, -0.389, 0.915, 0.107, 0.308, 0.02, 0.951)},
	},
	[0.667] = {
		["Torso"] = {["CFrame"] = CFrame.new(0, 1.31, -2.781, 1, 0, 0, 0, 0.082, 0.997, 0, -0.997, 0.082)},
		["Head"] = {["CFrame"] = CFrame.new(0, -0, 0, 0.895, 0.03, 0.446, 0, 0.998, -0.068, -0.447, 0.061, 0.893)},
		["Left Arm"] = {["CFrame"] = CFrame.new(0, 0, 0, 0.812, 0.495, -0.31, -0.582, 0.729, -0.36, 0.048, 0.472, 0.88)},
		["Left Leg"] = {["CFrame"] = CFrame.new(-0.264, -0.019, 0.178, 0.865, -0.419, 0.274, 0.392, 0.907, 0.152, -0.312, -0.024, 0.95)},
		["Right Arm"] = {["CFrame"] = CFrame.new(-0, 0, 0, 0.827, -0.429, 0.364, 0.553, 0.739, -0.385, -0.104, 0.519, 0.848)},
		["Right Leg"] = {["CFrame"] = CFrame.new(0.267, -0.091, 0.162, 0.868, 0.403, -0.29, -0.389, 0.915, 0.107, 0.308, 0.02, 0.951)},
	},
	[0.683] = {
		["Torso"] = {["CFrame"] = CFrame.new(0, 1.31, -2.781, 1, 0, 0, 0, 0.082, 0.997, 0, -0.997, 0.082)},
		["Head"] = {["CFrame"] = CFrame.new(0, -0, 0, 0.895, 0.03, 0.446, -0, 0.998, -0.068, -0.447, 0.061, 0.893)},
		["Left Arm"] = {["CFrame"] = CFrame.new(0, 0, 0, 0.81, 0.497, -0.31, -0.584, 0.728, -0.36, 0.047, 0.473, 0.88)},
		["Left Leg"] = {["CFrame"] = CFrame.new(-0.264, -0.018, 0.178, 0.865, -0.419, 0.274, 0.392, 0.908, 0.152, -0.312, -0.024, 0.95)},
		["Right Arm"] = {["CFrame"] = CFrame.new(-0, 0, 0, 0.826, -0.431, 0.364, 0.555, 0.738, -0.385, -0.102, 0.52, 0.848)},
		["Right Leg"] = {["CFrame"] = CFrame.new(0.267, -0.091, 0.162, 0.868, 0.402, -0.29, -0.388, 0.915, 0.107, 0.308, 0.02, 0.951)},
	},
	[0.7] = {
		["Torso"] = {["CFrame"] = CFrame.new(0, 1.31, -2.782, 1, 0, 0, 0, 0.082, 0.997, 0, -0.997, 0.082)},
		["Head"] = {["CFrame"] = CFrame.new(-0, 0, -0, 0.895, 0.03, 0.446, 0, 0.998, -0.067, -0.447, 0.06, 0.893)},
		["Left Arm"] = {["CFrame"] = CFrame.new(0, 0, 0, 0.809, 0.5, -0.31, -0.587, 0.725, -0.36, 0.045, 0.473, 0.88)},
		["Left Leg"] = {["CFrame"] = CFrame.new(-0.264, -0.018, 0.178, 0.866, -0.419, 0.274, 0.391, 0.908, 0.152, -0.312, -0.024, 0.95)},
		["Right Arm"] = {["CFrame"] = CFrame.new(-0, 0, 0, 0.824, -0.434, 0.364, 0.557, 0.736, -0.385, -0.101, 0.52, 0.848)},
		["Right Leg"] = {["CFrame"] = CFrame.new(0.267, -0.091, 0.162, 0.869, 0.402, -0.29, -0.388, 0.915, 0.106, 0.308, 0.02, 0.951)},
	},
	[0.717] = {
		["Torso"] = {["CFrame"] = CFrame.new(0, 1.31, -2.783, 1, 0, 0, 0, 0.082, 0.997, 0, -0.997, 0.082)},
		["Head"] = {["CFrame"] = CFrame.new(0, -0, 0, 0.895, 0.03, 0.446, 0, 0.998, -0.067, -0.447, 0.06, 0.893)},
		["Left Arm"] = {["CFrame"] = CFrame.new(0, 0, 0, 0.807, 0.503, -0.31, -0.59, 0.723, -0.36, 0.043, 0.473, 0.88)},
		["Left Leg"] = {["CFrame"] = CFrame.new(-0.264, -0.018, 0.178, 0.866, -0.419, 0.274, 0.391, 0.908, 0.152, -0.312, -0.024, 0.95)},
		["Right Arm"] = {["CFrame"] = CFrame.new(-0, 0, 0, 0.823, -0.437, 0.364, 0.56, 0.734, -0.385, -0.099, 0.52, 0.848)},
		["Right Leg"] = {["CFrame"] = CFrame.new(0.267, -0.09, 0.162, 0.869, 0.402, -0.29, -0.388, 0.916, 0.106, 0.308, 0.02, 0.951)},
	},
	[0.733] = {
		["Torso"] = {["CFrame"] = CFrame.new(0, 1.31, -2.783, 1, 0, 0, 0, 0.082, 0.997, 0, -0.997, 0.082)},
		["Head"] = {["CFrame"] = CFrame.new(-0, 0, 0, 0.895, 0.03, 0.446, 0, 0.998, -0.066, -0.447, 0.059, 0.893)},
		["Left Arm"] = {["CFrame"] = CFrame.new(0, 0, 0, 0.805, 0.507, -0.31, -0.592, 0.721, -0.36, 0.041, 0.473, 0.88)},
		["Left Leg"] = {["CFrame"] = CFrame.new(-0.264, -0.018, 0.178, 0.866, -0.418, 0.274, 0.391, 0.908, 0.151, -0.312, -0.024, 0.95)},
		["Right Arm"] = {["CFrame"] = CFrame.new(-0, 0, 0, 0.821, -0.44, 0.364, 0.562, 0.732, -0.385, -0.097, 0.52, 0.848)},
		["Right Leg"] = {["CFrame"] = CFrame.new(0.268, -0.09, 0.162, 0.869, 0.401, -0.29, -0.387, 0.916, 0.106, 0.308, 0.02, 0.951)},
	},
	[0.75] = {
		["Torso"] = {["CFrame"] = CFrame.new(0, 1.31, -2.784, 1, 0, 0, 0, 0.082, 0.997, 0, -0.997, 0.082)},
		["Head"] = {["CFrame"] = CFrame.new(0, -0, 0, 0.895, 0.029, 0.446, 0, 0.998, -0.066, -0.447, 0.059, 0.893)},
		["Left Arm"] = {["CFrame"] = CFrame.new(0, 0, 0, 0.802, 0.51, -0.31, -0.596, 0.718, -0.36, 0.039, 0.473, 0.88)},
		["Left Leg"] = {["CFrame"] = CFrame.new(-0.264, -0.018, 0.178, 0.866, -0.418, 0.274, 0.391, 0.908, 0.151, -0.312, -0.024, 0.95)},
		["Right Arm"] = {["CFrame"] = CFrame.new(-0, 0, 0, 0.82, -0.443, 0.364, 0.565, 0.73, -0.385, -0.095, 0.521, 0.848)},
		["Right Leg"] = {["CFrame"] = CFrame.new(0.268, -0.09, 0.162, 0.869, 0.401, -0.29, -0.387, 0.916, 0.106, 0.308, 0.02, 0.951)},
	},
	[0.767] = {
		["Torso"] = {["CFrame"] = CFrame.new(0, 1.31, -2.785, 1, 0, 0, 0, 0.082, 0.997, 0, -0.997, 0.082)},
		["Head"] = {["CFrame"] = CFrame.new(0, 0, 0, 0.895, 0.029, 0.446, -0, 0.998, -0.065, -0.447, 0.058, 0.893)},
		["Left Arm"] = {["CFrame"] = CFrame.new(0, 0, 0, 0.8, 0.514, -0.31, -0.599, 0.715, -0.36, 0.037, 0.473, 0.88)},
		["Left Leg"] = {["CFrame"] = CFrame.new(-0.265, -0.018, 0.178, 0.866, -0.418, 0.274, 0.39, 0.908, 0.151, -0.312, -0.024, 0.95)},
		["Right Arm"] = {["CFrame"] = CFrame.new(-0, 0, 0, 0.818, -0.446, 0.364, 0.568, 0.728, -0.385, -0.093, 0.521, 0.848)},
		["Right Leg"] = {["CFrame"] = CFrame.new(0.268, -0.09, 0.162, 0.869, 0.4, -0.29, -0.387, 0.916, 0.106, 0.308, 0.02, 0.951)},
	},
	[0.783] = {
		["Torso"] = {["CFrame"] = CFrame.new(0, 1.31, -2.786, 1, 0, 0, 0, 0.082, 0.997, 0, -0.997, 0.082)},
		["Head"] = {["CFrame"] = CFrame.new(-0, 0, 0, 0.895, 0.028, 0.446, 0, 0.998, -0.064, -0.447, 0.057, 0.893)},
		["Left Arm"] = {["CFrame"] = CFrame.new(0, 0, 0, 0.797, 0.518, -0.31, -0.603, 0.712, -0.36, 0.034, 0.474, 0.88)},
		["Left Leg"] = {["CFrame"] = CFrame.new(-0.265, -0.018, 0.178, 0.866, -0.417, 0.274, 0.39, 0.908, 0.151, -0.312, -0.024, 0.95)},
		["Right Arm"] = {["CFrame"] = CFrame.new(-0, 0, 0, 0.816, -0.45, 0.364, 0.571, 0.725, -0.385, -0.091, 0.522, 0.848)},
		["Right Leg"] = {["CFrame"] = CFrame.new(0.268, -0.09, 0.162, 0.869, 0.4, -0.29, -0.386, 0.916, 0.106, 0.308, 0.02, 0.951)},
	},
	[0.8] = {
		["Torso"] = {["CFrame"] = CFrame.new(0, 1.31, -2.787, 1, 0, 0, 0, 0.082, 0.997, 0, -0.997, 0.082)},
		["Head"] = {["CFrame"] = CFrame.new(0, -0, 0, 0.895, 0.028, 0.446, 0, 0.998, -0.062, -0.447, 0.056, 0.893)},
		["Left Arm"] = {["CFrame"] = CFrame.new(0, 0, 0, 0.794, 0.522, -0.31, -0.606, 0.709, -0.36, 0.032, 0.474, 0.88)},
		["Left Leg"] = {["CFrame"] = CFrame.new(-0.265, -0.018, 0.178, 0.866, -0.417, 0.275, 0.39, 0.909, 0.151, -0.312, -0.024, 0.95)},
