local Players = game:GetService("Players")
local TweenService = game:GetService("TweenService")

local LocalPlayer = Players.LocalPlayer
local Character = LocalPlayer.Character or LocalPlayer.CharacterAdded:Wait()
game:GetService("TextChatService").TextChannels.RBXGeneral:DisplaySystemMessage("<font color='rgb(111, 0, 222)'>thanks for using krystal dance v4 (ALPHA) credits to whoever made the original krystal dance\nbinds:\nq: boogie down\ne: drill\nr: rich dance\nm: nothing</font>")
local Humanoid = Character:WaitForChild("Humanoid")

local RunService = game:GetService("RunService")

local CurrentAnimation = nil
local Running = false



local Animator = Humanoid:FindFirstChildOfClass("Animator") or Instance.new("Animator", Humanoid)



local Motor6DMap = {
    ["Head"] = "Neck",
    ["Torso"] = "RootJoint",
    ["Left Arm"] = "Left Shoulder",
    ["Right Arm"] = "Right Shoulder",
    ["Left Leg"] = "Left Hip",
    ["Right Leg"] = "Right Hip"
}

local Motors = {}
for PartName, MotorName in pairs(Motor6DMap) do
	local Motor = Character:FindFirstChild(MotorName, true)
	if Motor then
		Motors[PartName] = {
			Motor = Motor,
			OriginalC0 = Motor.C0
		}
	end
end

-- Stores all running animations
local ActiveAnimations = {}

local function BuildPartAnimations(AnimationTable)
	local PartAnimations = {}
	local SortedTimestamps = {}
	for Timestamp in pairs(AnimationTable) do
		table.insert(SortedTimestamps, Timestamp)
	end
	table.sort(SortedTimestamps)

	for _, Timestamp in ipairs(SortedTimestamps) do
		local Poses = AnimationTable[Timestamp]
		for PartName, PoseData in pairs(Poses) do
			if not PartAnimations[PartName] then
				PartAnimations[PartName] = {}
			end
			table.insert(PartAnimations[PartName], {
				Timestamp,
				PoseData.CFrame,
				PoseData.Style or Enum.EasingStyle.Linear,
				PoseData.Direction or Enum.EasingDirection.In
			})
		end
	end
	return PartAnimations
end

function PlayAnimation(Name, AnimationTable, Loop, Speed)
	Speed = Speed or 1
	Loop = Loop ~= false
	StopAnimation(Name)

	local PartAnimations = BuildPartAnimations(AnimationTable)
	ActiveAnimations[Name] = {}

	for PartName, Keyframes in pairs(PartAnimations) do
		if Motors[PartName] then
			local Thread = task.spawn(function()
				while Loop do
					for i = 1, #Keyframes do
						local Frame = Keyframes[i]
						local PrevFrame = Keyframes[i - 1]
						local Duration = (Frame[1] - (PrevFrame and PrevFrame[1] or 0)) / Speed
						local TweenInfoObj = TweenInfo.new(Duration, Frame[3], Frame[4])
						local Tween = TweenService:Create(
							Motors[PartName].Motor,
							TweenInfoObj,
							{C0 = Motors[PartName].OriginalC0 * Frame[2]}
						)
						Tween:Play()
						task.wait(Duration)
					end
					task.wait()
				end
			end)
			ActiveAnimations[Name][PartName] = Thread
		end
	end
end

local function TransitionAnimation(NewAnimTable, Duration)
	local FirstTimestamp = math.huge
	for Timestamp in pairs(NewAnimTable) do
		if Timestamp < FirstTimestamp then
			FirstTimestamp = Timestamp
		end
	end

	for PartName, MotorData in pairs(Motors) do
		local PoseData = NewAnimTable[FirstTimestamp] and NewAnimTable[FirstTimestamp][PartName]
		if PoseData then
			local TargetC0 = MotorData.OriginalC0 * PoseData.CFrame
			local TweenInfoObj = TweenInfo.new(Duration, Enum.EasingStyle.Linear, Enum.EasingDirection.InOut)
			local Tween = TweenService:Create(MotorData.Motor, TweenInfoObj, {C0 = TargetC0})
			Tween:Play()
		end
	end

	task.wait(Duration)
end

function StopAnimation(Name)
	local Anim = ActiveAnimations[Name]
	if Anim then
		for _, Thread in pairs(Anim) do
			task.cancel(Thread)
		end
		ActiveAnimations[Name] = nil
	end
end

function StopAllAnimations()
	for Name in pairs(ActiveAnimations) do
		StopAnimation(Name)
	end
end

local BoogieDown = {
	[0] = {
		["Torso"] = {["CFrame"] = CFrame.new(-0.023, -0.081, -0.131, 0.999, -0.024, -0.028, 0.018, 0.979, -0.205, 0.032, 0.204, 0.978)},
		["Head"] = {["CFrame"] = CFrame.new(0, -0, 0.017, 0.999, 0.008, 0.031, -0.014, 0.978, 0.208, -0.029, -0.209, 0.978)},
		["Left Arm"] = {["CFrame"] = CFrame.new(-0.551, -0.045, -0.015, -0.811, 0.487, 0.324, -0.463, -0.873, 0.153, 0.358, -0.026, 0.934)},
		["Left Leg"] = {["CFrame"] = CFrame.new(-0.262, 0.135, 0.083, 0.961, 0.069, 0.268, -0.062, 0.997, -0.035, -0.269, 0.017, 0.963)},
		["Right Arm"] = {["CFrame"] = CFrame.new(0.526, 0.073, 0.012, -0.767, -0.543, -0.341, 0.45, -0.835, 0.318, -0.457, 0.091, 0.885)},
		["Right Leg"] = {["CFrame"] = CFrame.new(0.415, 0.212, 0.079, 0.973, 0.017, -0.229, -0.006, 0.999, 0.048, 0.23, -0.045, 0.972)},
	},
	[0.033] = {
		["Torso"] = {["CFrame"] = CFrame.new(-0.018, -0.067, -0.047, 1, -0.019, -0.022, 0.015, 0.982, -0.187, 0.025, 0.187, 0.982)},
		["Head"] = {["CFrame"] = CFrame.new(0, 0, 0.017, 1, -0.005, 0.028, 0.001, 0.986, 0.167, -0.028, -0.167, 0.986)},
		["Left Arm"] = {["CFrame"] = CFrame.new(-0.511, -0.194, -0.013, -0.685, 0.647, 0.336, -0.649, -0.751, 0.122, 0.331, -0.134, 0.934)},
		["Left Leg"] = {["CFrame"] = CFrame.new(-0.068, 0.041, 0.016, 0.949, 0.158, 0.272, -0.158, 0.987, -0.02, -0.272, -0.024, 0.962)},
		["Right Arm"] = {["CFrame"] = CFrame.new(0.417, -0.062, 0.03, -0.571, -0.793, -0.212, 0.7, -0.605, 0.378, -0.428, 0.067, 0.901)},
		["Right Leg"] = {["CFrame"] = CFrame.new(0.24, 0.115, 0.034, 0.972, -0.068, -0.225, 0.08, 0.996, 0.046, 0.221, -0.063, 0.973)},
	},
	[0.067] = {
		["Torso"] = {["CFrame"] = CFrame.new(-0.008, -0.032, 0.143, 1, -0.01, -0.009, 0.009, 0.989, -0.145, 0.011, 0.145, 0.989)},
		["Head"] = {["CFrame"] = CFrame.new(0, 0, 0.017, 0.999, -0.033, 0.023, 0.031, 0.997, 0.067, -0.025, -0.066, 0.998)},
		["Left Arm"] = {["CFrame"] = CFrame.new(-0.418, -0.467, -0.006, -0.279, 0.909, 0.311, -0.921, -0.344, 0.182, 0.272, -0.236, 0.933)},
		["Left Leg"] = {["CFrame"] = CFrame.new(0.024, 0.018, -0.033, 0.946, 0.159, 0.282, -0.17, 0.985, 0.012, -0.276, -0.06, 0.959)},
		["Right Arm"] = {["CFrame"] = CFrame.new(0.211, -0.304, 0.063, 0.056, -0.998, 0.038, 0.911, 0.067, 0.407, -0.408, 0.012, 0.913)},
		["Right Leg"] = {["CFrame"] = CFrame.new(0.048, 0.046, -0.02, 0.967, -0.135, -0.214, 0.147, 0.988, 0.042, 0.206, -0.072, 0.976)},
	},
	[0.1] = {
		["Torso"] = {["CFrame"] = CFrame.new(0, 0.009, 0.344, 1, -0, 0, 0, 0.995, -0.095, -0, 0.095, 0.995)},
		["Head"] = {["CFrame"] = CFrame.new(0, 0, 0.017, 0.998, -0.052, 0.023, 0.053, 0.997, -0.053, -0.02, 0.054, 0.998)},
		["Left Arm"] = {["CFrame"] = CFrame.new(-0.312, -0.604, -0.003, 0.245, 0.937, 0.247, -0.95, 0.183, 0.252, 0.191, -0.297, 0.936)},
		["Left Leg"] = {["CFrame"] = CFrame.new(-0.042, 0.043, -0.035, 0.954, 0.073, 0.29, -0.089, 0.995, 0.043, -0.286, -0.066, 0.956)},
		["Right Arm"] = {["CFrame"] = CFrame.new(0.073, -0.427, 0.081, 0.575, -0.78, 0.246, 0.712, 0.625, 0.32, -0.404, -0.009, 0.915)},
		["Right Leg"] = {["CFrame"] = CFrame.new(0.086, 0.047, -0.019, 0.977, -0.073, -0.203, 0.082, 0.996, 0.039, 0.199, -0.055, 0.978)},
	},
	[0.133] = {
		["Torso"] = {["CFrame"] = CFrame.new(0.014, 0.032, 0.483, 1, 0.008, 0.004, -0.007, 0.999, -0.051, -0.004, 0.051, 0.999)},
		["Head"] = {["CFrame"] = CFrame.new(0, -0, 0.017, 0.998, -0.057, 0.027, 0.061, 0.986, -0.157, -0.017, 0.158, 0.987)},
		["Left Arm"] = {["CFrame"] = CFrame.new(-0.217, -0.528, -0.003, 0.649, 0.749, 0.134, -0.748, 0.596, 0.291, 0.138, -0.289, 0.947)},
		["Left Leg"] = {["CFrame"] = CFrame.new(-0.088, 0.061, -0.033, 0.955, 0, 0.295, -0.02, 0.998, 0.062, -0.295, -0.065, 0.953)},
		["Right Arm"] = {["CFrame"] = CFrame.new(0.031, -0.367, 0.08, 0.803, -0.466, 0.373, 0.416, 0.885, 0.209, -0.427, -0.012, 0.904)},
		["Right Leg"] = {["CFrame"] = CFrame.new(0.087, 0.05, -0.017, 0.979, -0.024, -0.201, 0.034, 0.999, 0.042, 0.199, -0.048, 0.979)},
	},
	[0.167] = {
		["Torso"] = {["CFrame"] = CFrame.new(0.04, 0.03, 0.56, 1, 0.013, 0.005, -0.013, 1, -0.017, -0.005, 0.017, 1)},
		["Head"] = {["CFrame"] = CFrame.new(0, -0, 0.017, 0.998, -0.057, 0.032, 0.063, 0.969, -0.239, -0.018, 0.24, 0.971)},
		["Left Arm"] = {["CFrame"] = CFrame.new(-0.135, -0.381, -0.001, 0.884, 0.467, -0.032, -0.442, 0.855, 0.269, 0.154, -0.224, 0.963)},
		["Left Leg"] = {["CFrame"] = CFrame.new(-0.127, 0.076, -0.024, 0.953, -0.062, 0.298, 0.041, 0.996, 0.076, -0.302, -0.06, 0.952)},
		["Right Arm"] = {["CFrame"] = CFrame.new(0.014, -0.252, 0.079, 0.881, -0.181, 0.437, 0.154, 0.983, 0.097, -0.447, -0.018, 0.894)},
		["Right Leg"] = {["CFrame"] = CFrame.new(0.081, 0.055, -0.013, 0.977, 0.021, -0.214, -0.01, 0.999, 0.049, 0.215, -0.046, 0.976)},
	},
	[0.2] = {
		["Torso"] = {["CFrame"] = CFrame.new(0.072, 0.018, 0.593, 1, 0.016, 0.005, -0.016, 1, 0.005, -0.005, -0.005, 1)},
		["Head"] = {["CFrame"] = CFrame.new(0, -0, 0.017, 0.998, -0.053, 0.036, 0.061, 0.953, -0.298, -0.019, 0.3, 0.954)},
		["Left Arm"] = {["CFrame"] = CFrame.new(-0.063, -0.239, 0.002, 0.959, 0.214, -0.186, -0.177, 0.964, 0.197, 0.222, -0.156, 0.962)},
		["Left Leg"] = {["CFrame"] = CFrame.new(-0.159, 0.087, -0.009, 0.948, -0.108, 0.299, 0.086, 0.993, 0.085, -0.306, -0.055, 0.95)},
		["Right Arm"] = {["CFrame"] = CFrame.new(0.01, -0.139, 0.077, 0.879, 0.002, 0.476, -0.013, 1, 0.019, -0.476, -0.023, 0.879)},
		["Right Leg"] = {["CFrame"] = CFrame.new(0.069, 0.058, -0.008, 0.97, 0.054, -0.239, -0.042, 0.998, 0.054, 0.241, -0.042, 0.969)},
	},
	[0.233] = {
		["Torso"] = {["CFrame"] = CFrame.new(0.102, 0.01, 0.6, 1, 0.017, 0.008, -0.017, 1, 0.013, -0.007, -0.013, 1)},
		["Head"] = {["CFrame"] = CFrame.new(0, 0, 0.017, 0.998, -0.046, 0.037, 0.055, 0.941, -0.335, -0.019, 0.337, 0.941)},
		["Left Arm"] = {["CFrame"] = CFrame.new(0.002, -0.175, 0.003, 0.952, 0.108, -0.285, -0.07, 0.988, 0.139, 0.297, -0.113, 0.948)},
		["Left Leg"] = {["CFrame"] = CFrame.new(-0.184, 0.095, 0.009, 0.945, -0.131, 0.3, 0.108, 0.99, 0.091, -0.308, -0.054, 0.95)},
		["Right Arm"] = {["CFrame"] = CFrame.new(0.011, -0.088, 0.077, 0.849, 0.063, 0.525, -0.068, 0.998, -0.01, -0.525, -0.027, 0.851)},
		["Right Leg"] = {["CFrame"] = CFrame.new(0.052, 0.057, -0.002, 0.959, 0.067, -0.274, -0.055, 0.997, 0.051, 0.276, -0.033, 0.961)},
	},
	[0.267] = {
		["Torso"] = {["CFrame"] = CFrame.new(0.124, 0.006, 0.587, 1, 0.009, 0.013, -0.009, 1, 0.007, -0.013, -0.007, 1)},
		["Head"] = {["CFrame"] = CFrame.new(0, 0, 0.017, 0.999, -0.03, 0.03, 0.039, 0.935, -0.353, -0.018, 0.353, 0.935)},
		["Left Arm"] = {["CFrame"] = CFrame.new(0.062, -0.219, 0.011, 0.927, 0.188, -0.324, -0.151, 0.979, 0.135, 0.342, -0.076, 0.936)},
		["Left Leg"] = {["CFrame"] = CFrame.new(-0.206, 0.101, 0.031, 0.947, -0.131, 0.292, 0.107, 0.99, 0.097, -0.302, -0.06, 0.951)},
		["Right Arm"] = {["CFrame"] = CFrame.new(0.009, -0.103, 0.076, 0.804, 0.016, 0.595, -0.039, 0.999, 0.026, -0.593, -0.045, 0.804)},
		["Right Leg"] = {["CFrame"] = CFrame.new(0.029, 0.049, 0.002, 0.945, 0.064, -0.32, -0.055, 0.998, 0.035, 0.322, -0.016, 0.947)},
	},
	[0.3] = {
		["Torso"] = {["CFrame"] = CFrame.new(0.136, -0.004, 0.546, 1, -0.005, 0.018, 0.005, 1, -0.005, -0.018, 0.005, 1)},
		["Head"] = {["CFrame"] = CFrame.new(0, -0, 0.017, 1, -0.009, 0.02, 0.015, 0.934, -0.358, -0.015, 0.358, 0.934)},
		["Left Arm"] = {["CFrame"] = CFrame.new(0.114, -0.303, 0.026, 0.858, 0.399, -0.324, -0.363, 0.916, 0.167, 0.364, -0.026, 0.931)},
		["Left Leg"] = {["CFrame"] = CFrame.new(-0.225, 0.105, 0.055, 0.952, -0.122, 0.28, 0.097, 0.99, 0.101, -0.289, -0.069, 0.955)},
		["Right Arm"] = {["CFrame"] = CFrame.new(0.003, -0.136, 0.076, 0.746, -0.137, 0.652, 0.059, 0.988, 0.14, -0.663, -0.066, 0.746)},
		["Right Leg"] = {["CFrame"] = CFrame.new(0.003, 0.039, 0.004, 0.926, 0.056, -0.373, -0.055, 0.998, 0.015, 0.373, 0.006, 0.928)},
	},
	[0.333] = {
		["Torso"] = {["CFrame"] = CFrame.new(0.14, -0.013, 0.476, 1, -0.013, 0.021, 0.013, 1, -0.016, -0.021, 0.017, 1)},
		["Head"] = {["CFrame"] = CFrame.new(0, -0, 0.017, 1, 0.007, 0.014, -0.001, 0.934, -0.358, -0.015, 0.358, 0.933)},
		["Left Arm"] = {["CFrame"] = CFrame.new(0.157, -0.353, 0.035, 0.676, 0.676, -0.293, -0.64, 0.736, 0.221, 0.365, 0.039, 0.93)},
		["Left Leg"] = {["CFrame"] = CFrame.new(-0.237, 0.108, 0.076, 0.955, -0.116, 0.273, 0.091, 0.991, 0.103, -0.283, -0.074, 0.956)},
		["Right Arm"] = {["CFrame"] = CFrame.new(-0.006, -0.169, 0.077, 0.651, -0.411, 0.638, 0.255, 0.91, 0.327, -0.715, -0.051, 0.697)},
		["Right Leg"] = {["CFrame"] = CFrame.new(-0.017, 0.029, 0.006, 0.909, 0.049, -0.414, -0.055, 0.998, -0.005, 0.414, 0.027, 0.91)},
	},
	[0.367] = {
		["Torso"] = {["CFrame"] = CFrame.new(0.14, -0.019, 0.376, 1, -0.013, 0.021, 0.013, 1, -0.023, -0.02, 0.024, 1)},
		["Head"] = {["CFrame"] = CFrame.new(0, 0, 0.017, 1, 0.015, 0.013, -0.009, 0.933, -0.359, -0.017, 0.358, 0.933)},
		["Left Arm"] = {["CFrame"] = CFrame.new(0.188, -0.365, 0.037, 0.307, 0.924, -0.227, -0.888, 0.364, 0.281, 0.343, 0.115, 0.932)},
		["Left Leg"] = {["CFrame"] = CFrame.new(-0.243, 0.109, 0.095, 0.955, -0.118, 0.274, 0.093, 0.99, 0.101, -0.283, -0.071, 0.956)},
		["Right Arm"] = {["CFrame"] = CFrame.new(-0.029, -0.192, 0.082, 0.437, -0.782, 0.445, 0.553, 0.624, 0.552, -0.709, 0.005, 0.705)},
		["Right Leg"] = {["CFrame"] = CFrame.new(-0.03, 0.021, 0.01, 0.896, 0.045, -0.442, -0.06, 0.998, -0.02, 0.44, 0.045, 0.897)},
	},
	[0.4] = {
		["Torso"] = {["CFrame"] = CFrame.new(0.14, -0.028, 0.259, 1, -0.012, 0.02, 0.013, 0.999, -0.034, -0.02, 0.034, 0.999)},
		["Head"] = {["CFrame"] = CFrame.new(0, -0, 0.017, 1, 0.022, 0.012, -0.016, 0.936, -0.353, -0.019, 0.352, 0.936)},
		["Left Arm"] = {["CFrame"] = CFrame.new(0.203, -0.381, 0.037, -0.203, 0.972, -0.121, -0.937, -0.156, 0.314, 0.286, 0.177, 0.942)},
		["Left Leg"] = {["CFrame"] = CFrame.new(-0.245, 0.108, 0.11, 0.954, -0.117, 0.275, 0.094, 0.991, 0.097, -0.284, -0.066, 0.957)},
		["Right Arm"] = {["CFrame"] = CFrame.new(-0.061, -0.216, 0.093, 0.027, -0.999, 0.044, 0.766, 0.049, 0.641, -0.642, 0.016, 0.766)},
		["Right Leg"] = {["CFrame"] = CFrame.new(-0.039, 0.014, 0.013, 0.887, 0.039, -0.46, -0.062, 0.997, -0.034, 0.458, 0.059, 0.887)},
	},
	[0.433] = {
		["Torso"] = {["CFrame"] = CFrame.new(0.139, -0.048, 0.141, 1, -0.012, 0.02, 0.013, 0.998, -0.058, -0.019, 0.059, 0.998)},
		["Head"] = {["CFrame"] = CFrame.new(0, -0, 0.017, 1, 0.027, 0.012, -0.021, 0.943, -0.331, -0.02, 0.331, 0.944)},
		["Left Arm"] = {["CFrame"] = CFrame.new(0.204, -0.392, 0.036, -0.593, 0.805, -0.022, -0.772, -0.56, 0.302, 0.231, 0.196, 0.953)},
		["Left Leg"] = {["CFrame"] = CFrame.new(-0.245, 0.104, 0.121, 0.956, -0.102, 0.277, 0.08, 0.993, 0.089, -0.284, -0.063, 0.957)},
		["Right Arm"] = {["CFrame"] = CFrame.new(-0.082, -0.24, 0.106, -0.349, -0.88, -0.322, 0.719, -0.471, 0.51, -0.601, -0.053, 0.798)},
		["Right Leg"] = {["CFrame"] = CFrame.new(-0.042, 0.005, 0.017, 0.885, 0.018, -0.466, -0.048, 0.998, -0.051, 0.464, 0.067, 0.883)},
	},
	[0.467] = {
		["Torso"] = {["CFrame"] = CFrame.new(0.138, -0.089, 0.035, 1, -0.012, 0.018, 0.014, 0.994, -0.108, -0.017, 0.109, 0.994)},
		["Head"] = {["CFrame"] = CFrame.new(0, 0, 0.017, 0.999, 0.029, 0.014, -0.024, 0.959, -0.283, -0.022, 0.283, 0.959)},
		["Left Arm"] = {["CFrame"] = CFrame.new(0.202, -0.396, 0.035, -0.721, 0.693, 0.032, -0.656, -0.696, 0.291, 0.224, 0.189, 0.956)},
		["Left Leg"] = {["CFrame"] = CFrame.new(-0.243, 0.097, 0.124, 0.958, -0.059, 0.281, 0.04, 0.996, 0.075, -0.284, -0.061, 0.957)},
		["Right Arm"] = {["CFrame"] = CFrame.new(-0.089, -0.27, 0.125, -0.441, -0.746, -0.5, 0.623, -0.655, 0.428, -0.646, -0.123, 0.753)},
		["Right Leg"] = {["CFrame"] = CFrame.new(-0.041, -0.009, 0.019, 0.886, -0.03, -0.463, -0.006, 0.997, -0.075, 0.464, 0.069, 0.883)},
	},
	[0.5] = {
		["Torso"] = {["CFrame"] = CFrame.new(0.134, -0.149, -0.047, 1, -0.005, 0.014, 0.008, 0.983, -0.181, -0.013, 0.181, 0.983)},
		["Head"] = {["CFrame"] = CFrame.new(0, -0, 0.017, 1, 0.01, 0.017, -0.008, 0.99, -0.143, -0.018, 0.143, 0.99)},
		["Left Arm"] = {["CFrame"] = CFrame.new(0.199, -0.427, 0.035, -0.703, 0.708, 0.077, -0.654, -0.684, 0.322, 0.28, 0.176, 0.944)},
		["Left Leg"] = {["CFrame"] = CFrame.new(-0.42, 0.096, 0.172, 0.953, -0.087, 0.291, 0.074, 0.996, 0.057, -0.295, -0.033, 0.955)},
		["Right Arm"] = {["CFrame"] = CFrame.new(-0.081, -0.393, 0.149, -0.362, -0.738, -0.57, 0.559, -0.661, 0.501, -0.746, -0.137, 0.651)},
		["Right Leg"] = {["CFrame"] = CFrame.new(0.15, -0.005, 0.109, 0.892, -0.008, -0.452, -0.044, 0.993, -0.106, 0.45, 0.114, 0.886)},
	},
	[0.533] = {
		["Torso"] = {["CFrame"] = CFrame.new(0.128, -0.181, -0.082, 1, 0.008, 0.006, -0.007, 0.975, -0.22, -0.008, 0.22, 0.975)},
		["Head"] = {["CFrame"] = CFrame.new(0, -0, 0.017, 0.999, -0.032, 0.015, 0.031, 0.999, 0.028, -0.016, -0.027, 0.999)},
		["Left Arm"] = {["CFrame"] = CFrame.new(0.193, -0.482, 0.037, -0.641, 0.758, 0.12, -0.678, -0.632, 0.376, 0.36, 0.159, 0.919)},
		["Left Leg"] = {["CFrame"] = CFrame.new(-0.557, 0.121, 0.204, 0.943, -0.13, 0.307, 0.12, 0.991, 0.05, -0.311, -0.01, 0.95)},
		["Right Arm"] = {["CFrame"] = CFrame.new(-0.064, -0.579, 0.17, -0.268, -0.759, -0.593, 0.481, -0.639, 0.6, -0.835, -0.125, 0.536)},
		["Right Leg"] = {["CFrame"] = CFrame.new(0.289, 0.031, 0.162, 0.9, 0.019, -0.436, -0.076, 0.991, -0.114, 0.43, 0.135, 0.893)},
	},
	[0.567] = {
		["Torso"] = {["CFrame"] = CFrame.new(0.122, -0.137, -0.035, 1, 0.023, -0.001, -0.023, 0.986, -0.166, -0.003, 0.166, 0.986)},
		["Head"] = {["CFrame"] = CFrame.new(0, 0, 0.017, 0.998, -0.062, 0.016, 0.062, 0.997, 0.043, -0.018, -0.042, 0.999)},
		["Left Arm"] = {["CFrame"] = CFrame.new(0.186, -0.509, 0.038, -0.51, 0.853, 0.108, -0.752, -0.503, 0.425, 0.417, 0.136, 0.899)},
		["Left Leg"] = {["CFrame"] = CFrame.new(-0.227, 0.091, 0.084, 0.949, -0.018, 0.315, -0.003, 0.998, 0.067, -0.315, -0.064, 0.947)},
		["Right Arm"] = {["CFrame"] = CFrame.new(-0.039, -0.675, 0.178, -0.155, -0.799, -0.581, 0.441, -0.582, 0.683, -0.884, -0.15, 0.442)},
		["Right Leg"] = {["CFrame"] = CFrame.new(0.151, 0.006, 0.076, 0.911, -0.01, -0.413, -0.025, 0.997, -0.079, 0.412, 0.083, 0.907)},
	},
	[0.6] = {
		["Torso"] = {["CFrame"] = CFrame.new(0.12, -0.054, 0.1, 1, 0.031, -0.004, -0.031, 0.997, -0.066, 0.002, 0.066, 0.998)},
		["Head"] = {["CFrame"] = CFrame.new(0, 0, 0.017, 0.997, -0.068, 0.022, 0.069, 0.996, -0.061, -0.017, 0.062, 0.998)},
		["Left Arm"] = {["CFrame"] = CFrame.new(0.18, -0.487, 0.037, -0.225, 0.974, 0.016, -0.863, -0.207, 0.461, 0.452, 0.09, 0.887)},
		["Left Leg"] = {["CFrame"] = CFrame.new(-0.234, 0.105, 0.073, 0.947, -0.112, 0.301, 0.089, 0.992, 0.089, -0.309, -0.057, 0.949)},
		["Right Arm"] = {["CFrame"] = CFrame.new(-0.013, -0.626, 0.159, 0.036, -0.887, -0.459, 0.505, -0.381, 0.775, -0.862, -0.26, 0.434)},
		["Right Leg"] = {["CFrame"] = CFrame.new(0.004, 0.011, 0.01, 0.929, 0.002, -0.369, -0.016, 0.999, -0.036, 0.369, 0.04, 0.929)},
	},
	[0.633] = {
		["Torso"] = {["CFrame"] = CFrame.new(0.147, 0.002, 0.314, 1, 0.028, 0.007, -0.028, 1, 0.003, -0.007, -0.003, 1)},
		["Head"] = {["CFrame"] = CFrame.new(0, -0, 0.017, 0.998, -0.063, 0.015, 0.064, 0.988, -0.139, -0.006, 0.14, 0.99)},
		["Left Arm"] = {["CFrame"] = CFrame.new(0.166, -0.44, 0.037, 0.25, 0.958, -0.143, -0.844, 0.288, 0.452, 0.474, 0.008, 0.88)},
		["Left Leg"] = {["CFrame"] = CFrame.new(-0.244, 0.11, 0.067, 0.948, -0.161, 0.274, 0.14, 0.986, 0.095, -0.285, -0.052, 0.957)},
		["Right Arm"] = {["CFrame"] = CFrame.new(0.016, -0.51, 0.116, 0.351, -0.921, -0.171, 0.577, 0.069, 0.814, -0.737, -0.384, 0.556)},
		["Right Leg"] = {["CFrame"] = CFrame.new(0.032, 0.021, 0.022, 0.948, 0.066, -0.312, -0.076, 0.997, -0.02, 0.31, 0.043, 0.95)},
	},
	[0.667] = {
		["Torso"] = {["CFrame"] = CFrame.new(0.2, 0.029, 0.539, 0.999, 0.022, 0.026, -0.023, 0.999, 0.035, -0.025, -0.035, 0.999)},
		["Head"] = {["CFrame"] = CFrame.new(0, -0, 0.017, 0.998, -0.055, -0.001, 0.054, 0.981, -0.185, 0.011, 0.184, 0.983)},
		["Left Arm"] = {["CFrame"] = CFrame.new(0.137, -0.382, 0.041, 0.685, 0.661, -0.306, -0.563, 0.747, 0.353, 0.462, -0.069, 0.884)},
		["Left Leg"] = {["CFrame"] = CFrame.new(-0.252, 0.11, 0.062, 0.955, -0.173, 0.243, 0.155, 0.984, 0.092, -0.255, -0.05, 0.966)},
		["Right Arm"] = {["CFrame"] = CFrame.new(0.048, -0.371, 0.07, 0.681, -0.721, 0.13, 0.482, 0.575, 0.661, -0.551, -0.387, 0.739)},
		["Right Leg"] = {["CFrame"] = CFrame.new(0.065, 0.018, 0.033, 0.965, 0.091, -0.245, -0.101, 0.995, -0.027, 0.241, 0.051, 0.969)},
	},
	[0.7] = {
		["Torso"] = {["CFrame"] = CFrame.new(0.235, 0.035, 0.687, 0.999, 0.018, 0.036, -0.02, 0.999, 0.042, -0.035, -0.043, 0.998)},
		["Head"] = {["CFrame"] = CFrame.new(0, 0, 0.017, 0.999, -0.048, -0.007, 0.045, 0.977, -0.209, 0.017, 0.208, 0.978)},
		["Left Arm"] = {["CFrame"] = CFrame.new(0.096, -0.329, 0.052, 0.862, 0.298, -0.409, -0.224, 0.95, 0.219, 0.454, -0.097, 0.886)},
		["Left Leg"] = {["CFrame"] = CFrame.new(-0.251, 0.106, 0.056, 0.963, -0.165, 0.213, 0.151, 0.985, 0.082, -0.223, -0.047, 0.974)},
		["Right Arm"] = {["CFrame"] = CFrame.new(0.077, -0.258, 0.035, 0.873, -0.394, 0.287, 0.26, 0.874, 0.41, -0.413, -0.283, 0.866)},
		["Right Leg"] = {["CFrame"] = CFrame.new(0.099, 0.012, 0.043, 0.98, 0.095, -0.174, -0.103, 0.994, -0.039, 0.17, 0.056, 0.984)},
	},
	[0.733] = {
		["Torso"] = {["CFrame"] = CFrame.new(0.243, 0.035, 0.743, 0.999, 0.019, 0.034, -0.021, 0.999, 0.042, -0.033, -0.043, 0.999)},
		["Head"] = {["CFrame"] = CFrame.new(0, -0, 0.017, 0.999, -0.043, -0.002, 0.041, 0.973, -0.226, 0.012, 0.226, 0.974)},
		["Left Arm"] = {["CFrame"] = CFrame.new(0.049, -0.285, 0.073, 0.861, 0.14, -0.488, -0.085, 0.987, 0.133, 0.501, -0.073, 0.863)},
		["Left Leg"] = {["CFrame"] = CFrame.new(-0.239, 0.1, 0.046, 0.971, -0.153, 0.185, 0.142, 0.987, 0.069, -0.194, -0.041, 0.98)},
		["Right Arm"] = {["CFrame"] = CFrame.new(0.093, -0.211, 0.022, 0.932, -0.132, 0.338, 0.053, 0.971, 0.233, -0.359, -0.199, 0.912)},
		["Right Leg"] = {["CFrame"] = CFrame.new(0.132, 0.008, 0.049, 0.99, 0.093, -0.109, -0.098, 0.994, -0.047, 0.104, 0.057, 0.993)},
	},
	[0.767] = {
		["Torso"] = {["CFrame"] = CFrame.new(0.243, 0.033, 0.764, 0.999, 0.025, 0.029, -0.026, 0.999, 0.04, -0.028, -0.041, 0.999)},
		["Head"] = {["CFrame"] = CFrame.new(0, -0, 0.017, 0.999, -0.043, 0.008, 0.043, 0.969, -0.242, 0.003, 0.242, 0.97)},
		["Left Arm"] = {["CFrame"] = CFrame.new(-0.006, -0.253, 0.121, 0.797, 0.132, -0.589, -0.092, 0.991, 0.097, 0.596, -0.023, 0.802)},
		["Left Leg"] = {["CFrame"] = CFrame.new(-0.212, 0.095, 0.03, 0.977, -0.137, 0.164, 0.129, 0.99, 0.06, -0.17, -0.037, 0.985)},
		["Right Arm"] = {["CFrame"] = CFrame.new(0.081, -0.242, 0.022, 0.92, 0.015, 0.39, -0.084, 0.984, 0.159, -0.382, -0.18, 0.907)},
		["Right Leg"] = {["CFrame"] = CFrame.new(0.158, 0.007, 0.053, 0.994, 0.089, -0.056, -0.092, 0.995, -0.05, 0.052, 0.055, 0.997)},
	},
	[0.8] = {
		["Torso"] = {["CFrame"] = CFrame.new(0.237, 0.028, 0.767, 0.999, 0.042, 0.021, -0.043, 0.999, 0.034, -0.02, -0.035, 0.999)},
		["Head"] = {["CFrame"] = CFrame.new(0, -0, 0.017, 0.998, -0.053, 0.021, 0.056, 0.966, -0.252, -0.007, 0.252, 0.968)},
		["Left Arm"] = {["CFrame"] = CFrame.new(-0.066, -0.23, 0.197, 0.707, 0.137, -0.694, -0.115, 0.99, 0.079, 0.698, 0.024, 0.716)},
		["Left Leg"] = {["CFrame"] = CFrame.new(-0.163, 0.091, 0.006, 0.981, -0.115, 0.155, 0.108, 0.993, 0.054, -0.16, -0.036, 0.986)},
		["Right Arm"] = {["CFrame"] = CFrame.new(0.034, -0.297, 0.022, 0.879, 0.055, 0.473, -0.135, 0.981, 0.137, -0.456, -0.185, 0.87)},
		["Right Leg"] = {["CFrame"] = CFrame.new(0.174, 0.008, 0.054, 0.997, 0.08, -0.022, -0.081, 0.996, -0.047, 0.019, 0.048, 0.999)},
	},
	[0.833] = {
		["Torso"] = {["CFrame"] = CFrame.new(0.225, 0.013, 0.711, 0.996, 0.085, 0.012, -0.086, 0.996, 0.016, -0.011, -0.017, 1)},
		["Head"] = {["CFrame"] = CFrame.new(0, -0, 0.017, 0.995, -0.091, 0.041, 0.098, 0.965, -0.245, -0.017, 0.248, 0.969)},
		["Left Arm"] = {["CFrame"] = CFrame.new(-0.12, -0.216, 0.28, 0.598, 0.172, -0.783, -0.167, 0.982, 0.089, 0.784, 0.078, 0.616)},
		["Left Leg"] = {["CFrame"] = CFrame.new(-0.084, 0.086, -0.03, 0.981, -0.083, 0.178, 0.074, 0.996, 0.055, -0.182, -0.041, 0.983)},
		["Right Arm"] = {["CFrame"] = CFrame.new(-0.039, -0.323, 0.049, 0.829, -0.083, 0.554, -0.048, 0.975, 0.218, -0.558, -0.207, 0.804)},
		["Right Leg"] = {["CFrame"] = CFrame.new(0.193, 0.008, 0.063, 0.998, 0.055, 0.017, -0.054, 0.997, -0.046, -0.019, 0.045, 0.999)},
	},
	[0.867] = {
		["Torso"] = {["CFrame"] = CFrame.new(0.206, -0.014, 0.566, 0.987, 0.16, -0, -0.16, 0.987, -0.017, -0.002, 0.016, 1)},
		["Head"] = {["CFrame"] = CFrame.new(0, -0, 0.017, 0.984, -0.166, 0.064, 0.176, 0.96, -0.218, -0.025, 0.225, 0.974)},
		["Left Arm"] = {["CFrame"] = CFrame.new(-0.158, -0.21, 0.348, 0.475, 0.251, -0.844, -0.261, 0.956, 0.137, 0.84, 0.155, 0.519)},
		["Left Leg"] = {["CFrame"] = CFrame.new(0.02, 0.077, -0.074, 0.971, -0.041, 0.235, 0.028, 0.998, 0.06, -0.237, -0.052, 0.97)},
		["Right Arm"] = {["CFrame"] = CFrame.new(-0.123, -0.332, 0.107, 0.716, -0.411, 0.564, 0.158, 0.882, 0.443, -0.68, -0.229, 0.697)},
		["Right Leg"] = {["CFrame"] = CFrame.new(0.216, 0.005, 0.084, 0.997, 0.007, 0.076, -0.003, 0.999, -0.054, -0.076, 0.053, 0.996)},
	},
	[0.9] = {
		["Torso"] = {["CFrame"] = CFrame.new(0.179, -0.047, 0.365, 0.968, 0.251, -0.017, -0.251, 0.966, -0.057, 0.002, 0.059, 0.998)},
		["Head"] = {["CFrame"] = CFrame.new(0, -0, 0.017, 0.961, -0.265, 0.083, 0.276, 0.945, -0.177, -0.031, 0.193, 0.981)},
		["Left Arm"] = {["CFrame"] = CFrame.new(-0.169, -0.211, 0.379, 0.332, 0.387, -0.86, -0.408, 0.881, 0.238, 0.85, 0.272, 0.451)},
		["Left Leg"] = {["CFrame"] = CFrame.new(0.132, 0.065, -0.124, 0.95, 0.004, 0.311, -0.026, 0.998, 0.065, -0.31, -0.07, 0.948)},
		["Right Arm"] = {["CFrame"] = CFrame.new(-0.192, -0.35, 0.168, 0.5, -0.757, 0.421, 0.343, 0.619, 0.706, -0.795, -0.209, 0.57)},
		["Right Leg"] = {["CFrame"] = CFrame.new(0.228, -0.001, 0.108, 0.989, -0.058, 0.138, 0.068, 0.995, -0.066, -0.133, 0.075, 0.988)},
	},
	[0.933] = {
		["Torso"] = {["CFrame"] = CFrame.new(0.148, -0.081, 0.144, 0.939, 0.342, -0.036, -0.344, 0.934, -0.097, 0.001, 0.104, 0.995)},
		["Head"] = {["CFrame"] = CFrame.new(0, 0, 0.017, 0.924, -0.37, 0.095, 0.38, 0.915, -0.131, -0.038, 0.157, 0.987)},
		["Left Arm"] = {["CFrame"] = CFrame.new(-0.147, -0.267, 0.376, 0.115, 0.58, -0.807, -0.607, 0.684, 0.405, 0.786, 0.443, 0.431)},
		["Left Leg"] = {["CFrame"] = CFrame.new(0.235, 0.052, -0.172, 0.92, 0.046, 0.39, -0.078, 0.995, 0.068, -0.385, -0.093, 0.918)},
		["Right Arm"] = {["CFrame"] = CFrame.new(-0.221, -0.396, 0.197, 0.265, -0.949, 0.168, 0.405, 0.268, 0.874, -0.875, -0.164, 0.456)},
		["Right Leg"] = {["CFrame"] = CFrame.new(0.217, -0.01, 0.131, 0.974, -0.136, 0.183, 0.153, 0.985, -0.082, -0.169, 0.108, 0.98)},
	},
	[0.967] = {
		["Torso"] = {["CFrame"] = CFrame.new(0.118, -0.109, -0.059, 0.906, 0.42, -0.056, -0.424, 0.896, -0.131, -0.005, 0.143, 0.99)},
		["Head"] = {["CFrame"] = CFrame.new(0, 0, 0.017, 0.881, -0.462, 0.1, 0.471, 0.878, -0.09, -0.046, 0.126, 0.991)},
		["Left Arm"] = {["CFrame"] = CFrame.new(-0.104, -0.386, 0.358, -0.167, 0.719, -0.675, -0.748, 0.353, 0.562, 0.642, 0.599, 0.479)},
		["Left Leg"] = {["CFrame"] = CFrame.new(0.16, 0.067, -0.134, 0.888, -0.007, 0.46, -0.029, 0.997, 0.07, -0.459, -0.075, 0.885)},
		["Right Arm"] = {["CFrame"] = CFrame.new(-0.22, -0.482, 0.196, 0.143, -0.983, -0.115, 0.403, -0.048, 0.914, -0.904, -0.177, 0.389)},
		["Right Leg"] = {["CFrame"] = CFrame.new(0.165, -0.022, 0.149, 0.956, -0.22, 0.195, 0.243, 0.964, -0.103, -0.165, 0.146, 0.975)},
	},
	[1] = {
		["Torso"] = {["CFrame"] = CFrame.new(0.096, -0.129, -0.209, 0.878, 0.474, -0.072, -0.479, 0.864, -0.155, -0.011, 0.171, 0.985)},
		["Head"] = {["CFrame"] = CFrame.new(0, -0, 0.017, 0.844, -0.526, 0.101, 0.533, 0.844, -0.06, -0.054, 0.104, 0.993)},
		["Left Arm"] = {["CFrame"] = CFrame.new(-0.057, -0.503, 0.327, -0.39, 0.75, -0.534, -0.783, 0.036, 0.621, 0.485, 0.66, 0.574)},
		["Left Leg"] = {["CFrame"] = CFrame.new(-0.133, 0.18, 0.043, 0.842, -0.177, 0.51, 0.164, 0.984, 0.072, -0.515, 0.023, 0.857)},
		["Right Arm"] = {["CFrame"] = CFrame.new(-0.217, -0.575, 0.193, 0.126, -0.918, -0.377, 0.438, -0.289, 0.851, -0.89, -0.273, 0.366)},
		["Right Leg"] = {["CFrame"] = CFrame.new(0.268, 0.041, 0.135, 0.969, -0.192, 0.154, 0.213, 0.968, -0.132, -0.124, 0.16, 0.979)},
	},
	[1.033] = {
		["Torso"] = {["CFrame"] = CFrame.new(0.087, -0.136, -0.267, 0.866, 0.493, -0.079, -0.499, 0.851, -0.164, -0.014, 0.181, 0.983)},
		["Head"] = {["CFrame"] = CFrame.new(0, 0, 0.017, 0.829, -0.55, 0.101, 0.557, 0.829, -0.049, -0.057, 0.096, 0.994)},
		["Left Arm"] = {["CFrame"] = CFrame.new(-0.017, -0.557, 0.288, -0.459, 0.758, -0.464, -0.8, -0.127, 0.586, 0.385, 0.64, 0.665)},
		["Left Leg"] = {["CFrame"] = CFrame.new(-0.239, 0.216, 0.169, 0.801, -0.229, 0.553, 0.224, 0.972, 0.078, -0.555, 0.061, 0.83)},
		["Right Arm"] = {["CFrame"] = CFrame.new(-0.212, -0.619, 0.189, 0.151, -0.82, -0.553, 0.532, -0.404, 0.744, -0.833, -0.406, 0.375)},
		["Right Leg"] = {["CFrame"] = CFrame.new(0.31, 0.12, 0.091, 0.988, -0.149, 0.039, 0.153, 0.979, -0.135, -0.018, 0.14, 0.99)},
	},
	[1.067] = {
		["Torso"] = {["CFrame"] = CFrame.new(0.126, -0.099, -0.204, 0.888, 0.459, -0.031, -0.459, 0.88, -0.12, -0.028, 0.121, 0.992)},
		["Head"] = {["CFrame"] = CFrame.new(0, 0, 0.017, 0.854, -0.516, 0.067, 0.52, 0.85, -0.083, -0.014, 0.105, 0.994)},
		["Left Arm"] = {["CFrame"] = CFrame.new(0.006, -0.541, 0.249, -0.369, 0.793, -0.485, -0.878, -0.127, 0.461, 0.304, 0.596, 0.743)},
		["Left Leg"] = {["CFrame"] = CFrame.new(-0.148, 0.232, 0.157, 0.805, -0.178, 0.566, 0.119, 0.983, 0.139, -0.581, -0.045, 0.813)},
		["Right Arm"] = {["CFrame"] = CFrame.new(-0.194, -0.593, 0.176, 0.25, -0.757, -0.604, 0.647, -0.334, 0.686, -0.72, -0.562, 0.406)},
		["Right Leg"] = {["CFrame"] = CFrame.new(0.145, 0.013, 0.088, 0.98, -0.12, -0.161, 0.092, 0.981, -0.17, 0.178, 0.152, 0.972)},
	},
	[1.1] = {
		["Torso"] = {["CFrame"] = CFrame.new(0.198, -0.024, -0.096, 0.928, 0.369, 0.057, -0.367, 0.93, -0.033, -0.065, 0.01, 0.998)},
		["Head"] = {["CFrame"] = CFrame.new(0, -0, 0.017, 0.907, -0.422, -0.001, 0.418, 0.9, -0.125, 0.053, 0.113, 0.992)},
		["Left Arm"] = {["CFrame"] = CFrame.new(0.016, -0.497, 0.212, -0.162, 0.823, -0.545, -0.97, -0.032, 0.241, 0.181, 0.568, 0.803)},
		["Left Leg"] = {["CFrame"] = CFrame.new(-0.088, 0.321, 0.125, 0.833, -0.124, 0.539, -0.005, 0.973, 0.232, -0.553, -0.196, 0.81)},
		["Right Arm"] = {["CFrame"] = CFrame.new(-0.152, -0.529, 0.153, 0.462, -0.692, -0.554, 0.712, -0.082, 0.697, -0.528, -0.717, 0.455)},
		["Right Leg"] = {["CFrame"] = CFrame.new(-0.321, -0.149, -0.031, 0.902, -0.168, -0.398, 0.095, 0.976, -0.196, 0.422, 0.139, 0.896)},
	},
	[1.133] = {
		["Torso"] = {["CFrame"] = CFrame.new(0.241, 0.021, -0.044, 0.958, 0.265, 0.108, -0.268, 0.963, 0.019, -0.099, -0.047, 0.994)},
		["Head"] = {["CFrame"] = CFrame.new(0, 0, 0.017, 0.956, -0.289, -0.042, 0.284, 0.954, -0.094, 0.068, 0.078, 0.995)},
		["Left Arm"] = {["CFrame"] = CFrame.new(0.017, -0.44, 0.18, 0.118, 0.813, -0.57, -0.992, 0.118, -0.038, 0.037, 0.57, 0.821)},
		["Left Leg"] = {["CFrame"] = CFrame.new(-0.064, 0.313, 0.072, 0.86, -0.032, 0.51, -0.142, 0.944, 0.298, -0.491, -0.328, 0.807)},
		["Right Arm"] = {["CFrame"] = CFrame.new(-0.096, -0.444, 0.126, 0.71, -0.552, -0.437, 0.647, 0.268, 0.714, -0.277, -0.789, 0.548)},
		["Right Leg"] = {["CFrame"] = CFrame.new(-0.24, -0.014, -0.016, 0.819, -0.025, -0.574, -0.065, 0.989, -0.136, 0.571, 0.149, 0.808)},
	},
	[1.167] = {
		["Torso"] = {["CFrame"] = CFrame.new(0.291, 0.011, -0.125, 0.974, 0.194, 0.117, -0.197, 0.98, 0.015, -0.112, -0.038, 0.993)},
		["Head"] = {["CFrame"] = CFrame.new(0, 0, 0.017, 0.988, -0.152, -0.029, 0.152, 0.988, -0.008, 0.03, 0.003, 1)},
		["Left Arm"] = {["CFrame"] = CFrame.new(0.016, -0.384, 0.156, 0.383, 0.756, -0.531, -0.92, 0.26, -0.294, -0.084, 0.601, 0.795)},
		["Left Leg"] = {["CFrame"] = CFrame.new(0.004, 0.247, -0.025, 0.853, 0.119, 0.508, -0.311, 0.898, 0.313, -0.418, -0.424, 0.803)},
		["Right Arm"] = {["CFrame"] = CFrame.new(-0.038, -0.361, 0.104, 0.888, -0.342, -0.308, 0.457, 0.578, 0.676, -0.053, -0.741, 0.669)},
		["Right Leg"] = {["CFrame"] = CFrame.new(-0.196, 0.072, -0.018, 0.742, -0.038, -0.669, -0.012, 0.997, -0.07, 0.67, 0.06, 0.74)},
	},
	[1.2] = {
		["Torso"] = {["CFrame"] = CFrame.new(0.386, -0.014, -0.301, 0.981, 0.153, 0.121, -0.155, 0.988, 0.002, -0.12, -0.021, 0.993)},
		["Head"] = {["CFrame"] = CFrame.new(0, -0, 0.017, 0.999, -0.036, 0.006, 0.036, 0.997, 0.064, -0.008, -0.064, 0.998)},
		["Left Arm"] = {["CFrame"] = CFrame.new(0.021, -0.341, 0.141, 0.557, 0.689, -0.465, -0.816, 0.349, -0.461, -0.155, 0.636, 0.756)},
		["Left Leg"] = {["CFrame"] = CFrame.new(-0.283, 0.381, 0.062, 0.863, 0.049, 0.502, -0.223, 0.93, 0.294, -0.453, -0.365, 0.813)},
		["Right Arm"] = {["CFrame"] = CFrame.new(0.007, -0.298, 0.089, 0.962, -0.157, -0.221, 0.26, 0.763, 0.591, 0.076, -0.627, 0.775)},
		["Right Leg"] = {["CFrame"] = CFrame.new(0.005, 0.085, 0.147, 0.698, -0.002, -0.716, 0.008, 1, 0.004, 0.716, -0.008, 0.698)},
	},
	[1.233] = {
		["Torso"] = {["CFrame"] = CFrame.new(0.478, -0.04, -0.477, 0.984, 0.132, 0.123, -0.132, 0.991, -0.012, -0.123, -0.005, 0.992)},
		["Head"] = {["CFrame"] = CFrame.new(0, 0, 0.017, 0.998, 0.045, 0.041, -0.05, 0.993, 0.11, -0.036, -0.112, 0.993)},
		["Left Arm"] = {["CFrame"] = CFrame.new(0.043, -0.324, 0.136, 0.617, 0.658, -0.432, -0.767, 0.379, -0.518, -0.177, 0.651, 0.738)},
		["Left Leg"] = {["CFrame"] = CFrame.new(-0.579, 0.6, 0.131, 0.89, -0.065, 0.452, -0.068, 0.96, 0.273, -0.451, -0.274, 0.849)},
		["Right Arm"] = {["CFrame"] = CFrame.new(0.026, -0.272, 0.085, 0.978, -0.087, -0.192, 0.174, 0.848, 0.501, 0.119, -0.523, 0.844)},
		["Right Leg"] = {["CFrame"] = CFrame.new(0.193, 0.263, 0.238, 0.677, 0.035, -0.735, 0.06, 0.993, 0.103, 0.733, -0.113, 0.67)},
	},
	[1.267] = {
		["Torso"] = {["CFrame"] = CFrame.new(0.52, -0.051, -0.557, 0.985, 0.119, 0.122, -0.118, 0.993, -0.018, -0.124, 0.003, 0.992)},
		["Head"] = {["CFrame"] = CFrame.new(-0, -0, 0.017, 0.995, 0.083, 0.058, -0.09, 0.988, 0.126, -0.047, -0.13, 0.99)},
		["Left Arm"] = {["CFrame"] = CFrame.new(0.094, -0.33, 0.138, 0.601, 0.67, -0.435, -0.785, 0.393, -0.479, -0.15, 0.63, 0.762)},
		["Left Leg"] = {["CFrame"] = CFrame.new(-0.722, 0.68, 0.086, 0.93, -0.101, 0.354, -0.007, 0.956, 0.293, -0.369, -0.275, 0.888)},
		["Right Arm"] = {["CFrame"] = CFrame.new(0.018, -0.324, 0.097, 0.986, -0.159, -0.045, 0.163, 0.883, 0.44, -0.03, -0.441, 0.897)},
		["Right Leg"] = {["CFrame"] = CFrame.new(0.174, 0.322, 0.148, 0.671, 0.005, -0.742, 0.165, 0.974, 0.156, 0.723, -0.227, 0.652)},
	},
	[1.3] = {
		["Torso"] = {["CFrame"] = CFrame.new(0.489, -0.042, -0.471, 0.988, 0.104, 0.116, -0.103, 0.995, -0.012, -0.117, 0, 0.993)},
		["Head"] = {["CFrame"] = CFrame.new(0, -0, 0.017, 0.996, 0.077, 0.041, -0.082, 0.99, 0.115, -0.031, -0.118, 0.993)},
		["Left Arm"] = {["CFrame"] = CFrame.new(0.17, -0.345, 0.149, 0.557, 0.702, -0.443, -0.827, 0.424, -0.368, -0.07, 0.572, 0.817)},
		["Left Leg"] = {["CFrame"] = CFrame.new(-0.725, 0.584, 0.027, 0.967, -0.068, 0.247, -0.017, 0.945, 0.326, -0.256, -0.319, 0.912)},
		["Right Arm"] = {["CFrame"] = CFrame.new(0.003, -0.439, 0.125, 0.912, -0.304, 0.274, 0.172, 0.893, 0.417, -0.371, -0.333, 0.867)},
		["Right Leg"] = {["CFrame"] = CFrame.new(0.16, 0.265, 0.237, 0.686, 0.031, -0.727, 0.077, 0.99, 0.116, 0.724, -0.136, 0.676)},
	},
	[1.333] = {
		["Torso"] = {["CFrame"] = CFrame.new(0.419, -0.022, -0.282, 0.991, 0.084, 0.101, -0.084, 0.996, -0.002, -0.101, -0.007, 0.995)},
		["Head"] = {["CFrame"] = CFrame.new(0, -0, 0.017, 0.999, 0.046, 0.002, -0.046, 0.996, 0.079, 0.001, -0.079, 0.997)},
		["Left Arm"] = {["CFrame"] = CFrame.new(0.25, -0.365, 0.17, 0.489, 0.747, -0.451, -0.87, 0.452, -0.194, 0.059, 0.487, 0.871)},
		["Left Leg"] = {["CFrame"] = CFrame.new(-0.453, 0.357, 0.011, 0.978, 0.098, 0.184, -0.155, 0.932, 0.328, -0.139, -0.35, 0.926)},
		["Right Arm"] = {["CFrame"] = CFrame.new(-0.013, -0.557, 0.16, 0.705, -0.46, 0.54, 0.228, 0.868, 0.441, -0.672, -0.188, 0.717)},
		["Right Leg"] = {["CFrame"] = CFrame.new(0.135, 0.088, 0.341, 0.735, 0.079, -0.674, -0.075, 0.997, 0.035, 0.674, 0.025, 0.738)},
	},
	[1.367] = {
		["Torso"] = {["CFrame"] = CFrame.new(0.346, -0.001, -0.093, 0.995, 0.058, 0.081, -0.058, 0.998, 0.009, -0.08, -0.014, 0.997)},
		["Head"] = {["CFrame"] = CFrame.new(0, 0, 0.017, 0.999, 0.008, -0.031, -0.007, 1, 0.012, 0.031, -0.012, 0.999)},
		["Left Arm"] = {["CFrame"] = CFrame.new(0.314, -0.386, 0.205, 0.402, 0.796, -0.453, -0.888, 0.46, 0.022, 0.226, 0.393, 0.891)},
		["Left Leg"] = {["CFrame"] = CFrame.new(-0.129, 0.206, 0, 0.954, 0.256, 0.158, -0.294, 0.906, 0.304, -0.065, -0.336, 0.94)},
		["Right Arm"] = {["CFrame"] = CFrame.new(-0.023, -0.613, 0.19, 0.495, -0.625, 0.604, 0.347, 0.779, 0.522, -0.796, -0.049, 0.603)},
		["Right Leg"] = {["CFrame"] = CFrame.new(-0.171, -0.097, 0.172, 0.797, -0.016, -0.603, -0.022, 0.998, -0.056, 0.603, 0.058, 0.796)},
	},
	[1.4] = {
		["Torso"] = {["CFrame"] = CFrame.new(0.303, 0.009, -0.007, 0.998, 0.024, 0.061, -0.025, 1, 0.015, -0.061, -0.016, 0.998)},
		["Head"] = {["CFrame"] = CFrame.new(0, 0, 0.017, 0.999, -0.016, -0.036, 0.013, 0.996, -0.09, 0.038, 0.09, 0.995)},
		["Left Arm"] = {["CFrame"] = CFrame.new(0.34, -0.403, 0.257, 0.302, 0.839, -0.452, -0.863, 0.442, 0.244, 0.405, 0.316, 0.858)},
		["Left Leg"] = {["CFrame"] = CFrame.new(-0.144, 0.189, 0.008, 0.964, 0.234, 0.126, -0.26, 0.928, 0.268, -0.055, -0.291, 0.955)},
		["Right Arm"] = {["CFrame"] = CFrame.new(0.013, -0.581, 0.209, 0.295, -0.827, 0.478, 0.49, 0.561, 0.668, -0.82, 0.037, 0.571)},
		["Right Leg"] = {["CFrame"] = CFrame.new(-0.297, -0.072, 0.124, 0.835, -0.03, -0.55, -0.038, 0.993, -0.112, 0.549, 0.114, 0.828)},
	},
	[1.433] = {
		["Torso"] = {["CFrame"] = CFrame.new(0.29, -0.025, -0.039, 0.999, -0.017, 0.045, 0.018, 0.999, -0.026, -0.045, 0.027, 0.999)},
		["Head"] = {["CFrame"] = CFrame.new(0, -0, 0.017, 1, -0.01, -0.025, 0.005, 0.982, -0.187, 0.027, 0.187, 0.982)},
		["Left Arm"] = {["CFrame"] = CFrame.new(0.336, -0.414, 0.327, 0.169, 0.876, -0.452, -0.803, 0.388, 0.453, 0.572, 0.287, 0.768)},
		["Left Leg"] = {["CFrame"] = CFrame.new(-0.242, 0.191, 0.019, 0.972, 0.214, 0.097, -0.231, 0.947, 0.224, -0.043, -0.24, 0.97)},
		["Right Arm"] = {["CFrame"] = CFrame.new(0.111, -0.497, 0.22, 0.048, -0.975, 0.218, 0.545, 0.208, 0.812, -0.837, 0.079, 0.541)},
		["Right Leg"] = {["CFrame"] = CFrame.new(-0.295, -0.044, 0.11, 0.836, -0.045, -0.546, -0.034, 0.99, -0.134, 0.547, 0.13, 0.827)},
	},
	[1.467] = {
		["Torso"] = {["CFrame"] = CFrame.new(0.282, -0.101, -0.117, 0.998, -0.06, 0.035, 0.063, 0.991, -0.118, -0.027, 0.12, 0.992)},
		["Head"] = {["CFrame"] = CFrame.new(0, 0, 0.017, 1, 0.017, -0.023, -0.022, 0.969, -0.244, 0.018, 0.245, 0.969)},
		["Left Arm"] = {["CFrame"] = CFrame.new(0.321, -0.423, 0.405, -0.006, 0.9, -0.436, -0.707, 0.305, 0.638, 0.707, 0.312, 0.635)},
		["Left Leg"] = {["CFrame"] = CFrame.new(-0.754, 0.429, 0.013, 0.998, -0.01, 0.069, -0.003, 0.984, 0.176, -0.07, -0.176, 0.982)},
		["Right Arm"] = {["CFrame"] = CFrame.new(0.233, -0.395, 0.226, -0.164, -0.982, -0.096, 0.499, -0.167, 0.85, -0.851, 0.092, 0.517)},
		["Right Leg"] = {["CFrame"] = CFrame.new(-0.298, -0.031, 0.061, 0.809, -0.127, -0.574, 0.047, 0.987, -0.152, 0.586, 0.096, 0.805)},
	},
	[1.5] = {
		["Torso"] = {["CFrame"] = CFrame.new(0.275, -0.177, -0.201, 0.995, -0.099, 0.026, 0.102, 0.972, -0.21, -0.005, 0.212, 0.977)},
		["Head"] = {["CFrame"] = CFrame.new(0, -0, 0.017, 0.998, 0.051, -0.024, -0.056, 0.961, -0.272, 0.009, 0.273, 0.962)},
		["Left Arm"] = {["CFrame"] = CFrame.new(0.298, -0.429, 0.478, -0.181, 0.901, -0.394, -0.587, 0.222, 0.779, 0.789, 0.372, 0.489)},
		["Left Leg"] = {["CFrame"] = CFrame.new(-0.927, 0.6, -0.004, 0.996, -0.077, 0.038, 0.072, 0.99, 0.125, -0.047, -0.122, 0.991)},
		["Right Arm"] = {["CFrame"] = CFrame.new(0.338, -0.307, 0.227, -0.283, -0.897, -0.338, 0.424, -0.433, 0.795, -0.86, 0.081, 0.504)},
		["Right Leg"] = {["CFrame"] = CFrame.new(-0.096, 0.014, 0.154, 0.795, -0.097, -0.599, -0.001, 0.987, -0.162, 0.607, 0.13, 0.784)},
	},
	[1.533] = {
