local Players = game:GetService("Players")
local TweenService = game:GetService("TweenService")

local LocalPlayer = Players.LocalPlayer
local Character = LocalPlayer.Character or LocalPlayer.CharacterAdded:Wait()
local Humanoid = Character:WaitForChild("Humanoid")

local RunService = game:GetService("RunService")

local CurrentAnimation = nil
local Running = false

Character.Animate.Enabled = false

local Animator = Humanoid:FindFirstChildOfClass("Animator") or Instance.new("Animator", Humanoid)

for _, v in pairs(Animator:GetPlayingAnimationTracks()) do
	v:Stop()
end

local Motor6DMap = {
	["Torso"] = "RootJoint",
	["Left Arm"] = "Left Shoulder",
	["Right Arm"] = "Right Shoulder",
	["Left Leg"] = "Left Hip",
	["Right Leg"] = "Right Hip"
}

local Motors = {}
for PartName, MotorName in pairs(Motor6DMap) do
	local Motor = Character:FindFirstChild(MotorName, true)
	if Motor then
		Motors[PartName] = {
			Motor = Motor,
			OriginalC0 = Motor.C0
		}
	end
end

-- Stores all running animations
local ActiveAnimations = {}

local function BuildPartAnimations(AnimationTable)
	local PartAnimations = {}
	local SortedTimestamps = {}
	for Timestamp in pairs(AnimationTable) do
		table.insert(SortedTimestamps, Timestamp)
	end
	table.sort(SortedTimestamps)

	for _, Timestamp in ipairs(SortedTimestamps) do
		local Poses = AnimationTable[Timestamp]
		for PartName, PoseData in pairs(Poses) do
			if not PartAnimations[PartName] then
				PartAnimations[PartName] = {}
			end
			table.insert(PartAnimations[PartName], {
				Timestamp,
				PoseData.CFrame,
				PoseData.Style or Enum.EasingStyle.Linear,
				PoseData.Direction or Enum.EasingDirection.In
			})
		end
	end
	return PartAnimations
end

function PlayAnimation(Name, AnimationTable, Loop, Speed)
	Speed = Speed or 1
	Loop = Loop ~= false
	StopAnimation(Name)

	local PartAnimations = BuildPartAnimations(AnimationTable)
	ActiveAnimations[Name] = {}

	for PartName, Keyframes in pairs(PartAnimations) do
		if Motors[PartName] then
			local Thread = task.spawn(function()
				while Loop do
					for i = 1, #Keyframes do
						local Frame = Keyframes[i]
						local PrevFrame = Keyframes[i - 1]
						local Duration = (Frame[1] - (PrevFrame and PrevFrame[1] or 0)) / Speed
						local TweenInfoObj = TweenInfo.new(Duration, Frame[3], Frame[4])
						local Tween = TweenService:Create(
							Motors[PartName].Motor,
							TweenInfoObj,
							{C0 = Motors[PartName].OriginalC0 * Frame[2]}
						)
						Tween:Play()
						task.wait(Duration)
					end
					task.wait()
				end
			end)
			ActiveAnimations[Name][PartName] = Thread
		end
	end
end

local function TransitionAnimation(NewAnimTable, Duration)
	local FirstTimestamp = math.huge
	for Timestamp in pairs(NewAnimTable) do
		if Timestamp < FirstTimestamp then
			FirstTimestamp = Timestamp
		end
	end

	for PartName, MotorData in pairs(Motors) do
		local PoseData = NewAnimTable[FirstTimestamp] and NewAnimTable[FirstTimestamp][PartName]
		if PoseData then
			local TargetC0 = MotorData.OriginalC0 * PoseData.CFrame
			local TweenInfoObj = TweenInfo.new(Duration, Enum.EasingStyle.Linear, Enum.EasingDirection.InOut)
			local Tween = TweenService:Create(MotorData.Motor, TweenInfoObj, {C0 = TargetC0})
			Tween:Play()
		end
	end

	task.wait(Duration)
end

function StopAnimation(Name)
	local Anim = ActiveAnimations[Name]
	if Anim then
		for _, Thread in pairs(Anim) do
			task.cancel(Thread)
		end
		ActiveAnimations[Name] = nil
	end
end

function StopAllAnimations()
	for Name in pairs(ActiveAnimations) do
		StopAnimation(Name)
	end
end

local OrangeJustice = {
	[0] = {
		["Torso"] = {["CFrame"] = CFrame.new(0.024, -0.284, -0.408, 0.953, 0.288, 0.097, -0.205, 0.843, -0.497, -0.225, 0.454, 0.862)},
		["Head"] = {["CFrame"] = CFrame.new(-0, 0, 0, 0.978, -0.209, 0.008, 0.209, 0.97, -0.124, 0.019, 0.123, 0.992)},
		["Left Arm"] = {["CFrame"] = CFrame.new(-0.92, -0.518, 0.23, -0.628, 0.155, -0.762, -0.721, 0.251, 0.645, 0.292, 0.955, -0.047)},
		["Left Leg"] = {["CFrame"] = CFrame.new(-0.81, 0.595, -0.308, 0.961, -0.15, 0.231, -0.017, 0.806, 0.592, -0.275, -0.573, 0.772)},
		["Right Arm"] = {["CFrame"] = CFrame.new(0.436, -0.747, -0.408, -0.624, -0.449, 0.64, 0.777, -0.445, 0.445, 0.085, 0.775, 0.627)},
		["Right Leg"] = {["CFrame"] = CFrame.new(0.802, 0.441, -0.101, 0.99, -0.135, -0.049, 0.127, 0.982, -0.138, 0.067, 0.131, 0.989)},
	},
	[0.017] = {
		["Torso"] = {["CFrame"] = CFrame.new(0.02, -0.281, -0.419, 0.954, 0.284, 0.096, -0.202, 0.847, -0.492, -0.221, 0.45, 0.865)},
		["Head"] = {["CFrame"] = CFrame.new(-0, 0, 0, 0.978, -0.21, 0.007, 0.209, 0.97, -0.124, 0.019, 0.123, 0.992)},
		["Left Arm"] = {["CFrame"] = CFrame.new(-0.901, -0.559, 0.243, -0.632, 0.167, -0.757, -0.732, 0.191, 0.654, 0.254, 0.967, 0.002)},
		["Left Leg"] = {["CFrame"] = CFrame.new(-0.839, 0.599, -0.313, 0.963, -0.162, 0.217, 0.003, 0.807, 0.591, -0.271, -0.569, 0.777)},
		["Right Arm"] = {["CFrame"] = CFrame.new(0.427, -0.794, -0.388, -0.646, -0.462, 0.608, 0.759, -0.473, 0.447, 0.081, 0.75, 0.656)},
		["Right Leg"] = {["CFrame"] = CFrame.new(0.821, 0.453, -0.101, 0.992, -0.118, -0.052, 0.11, 0.985, -0.134, 0.067, 0.127, 0.99)},
	},
	[0.033] = {
		["Torso"] = {["CFrame"] = CFrame.new(0.012, -0.275, -0.441, 0.957, 0.275, 0.095, -0.197, 0.854, -0.482, -0.214, 0.442, 0.871)},
		["Head"] = {["CFrame"] = CFrame.new(-0, 0, 0, 0.977, -0.212, 0.006, 0.211, 0.97, -0.124, 0.021, 0.122, 0.992)},
		["Left Arm"] = {["CFrame"] = CFrame.new(-0.862, -0.64, 0.267, -0.641, 0.19, -0.744, -0.747, 0.068, 0.661, 0.177, 0.979, 0.098)},
		["Left Leg"] = {["CFrame"] = CFrame.new(-0.895, 0.608, -0.323, 0.964, -0.187, 0.188, 0.042, 0.807, 0.589, -0.262, -0.56, 0.786)},
		["Right Arm"] = {["CFrame"] = CFrame.new(0.408, -0.888, -0.348, -0.687, -0.484, 0.542, 0.723, -0.528, 0.446, 0.07, 0.698, 0.712)},
		["Right Leg"] = {["CFrame"] = CFrame.new(0.858, 0.479, -0.1, 0.995, -0.084, -0.056, 0.077, 0.989, -0.125, 0.066, 0.12, 0.991)},
	},
	[0.05] = {
		["Torso"] = {["CFrame"] = CFrame.new(0.008, -0.272, -0.451, 0.958, 0.271, 0.095, -0.195, 0.857, -0.477, -0.21, 0.438, 0.874)},
		["Head"] = {["CFrame"] = CFrame.new(-0, 0, 0, 0.977, -0.213, 0.005, 0.212, 0.969, -0.124, 0.021, 0.122, 0.992)},
		["Left Arm"] = {["CFrame"] = CFrame.new(-0.843, -0.68, 0.279, -0.646, 0.201, -0.737, -0.751, 0.007, 0.66, 0.138, 0.98, 0.147)},
		["Left Leg"] = {["CFrame"] = CFrame.new(-0.924, 0.612, -0.328, 0.964, -0.2, 0.174, 0.062, 0.807, 0.587, -0.257, -0.555, 0.791)},
		["Right Arm"] = {["CFrame"] = CFrame.new(0.399, -0.935, -0.328, -0.707, -0.492, 0.507, 0.704, -0.554, 0.443, 0.063, 0.671, 0.739)},
		["Right Leg"] = {["CFrame"] = CFrame.new(0.877, 0.492, -0.1, 0.996, -0.067, -0.058, 0.06, 0.991, -0.12, 0.066, 0.116, 0.991)},
	},
	[0.067] = {
		["Torso"] = {["CFrame"] = CFrame.new(-0, -0.264, -0.466, 0.964, 0.249, 0.09, -0.18, 0.867, -0.465, -0.194, 0.432, 0.881)},
		["Head"] = {["CFrame"] = CFrame.new(-0, 0, 0, 0.977, -0.213, 0.004, 0.212, 0.969, -0.124, 0.022, 0.122, 0.992)},
		["Left Arm"] = {["CFrame"] = CFrame.new(-0.726, -0.77, 0.243, -0.659, 0.307, -0.687, -0.743, -0.12, 0.659, 0.12, 0.944, 0.307)},
		["Left Leg"] = {["CFrame"] = CFrame.new(-0.965, 0.605, -0.351, 0.968, -0.21, 0.138, 0.091, 0.805, 0.586, -0.234, -0.554, 0.799)},
		["Right Arm"] = {["CFrame"] = CFrame.new(0.314, -1.011, -0.292, -0.71, -0.575, 0.407, 0.704, -0.571, 0.422, -0.011, 0.586, 0.81)},
		["Right Leg"] = {["CFrame"] = CFrame.new(0.894, 0.512, -0.093, 0.996, -0.039, -0.076, 0.031, 0.994, -0.104, 0.079, 0.101, 0.992)},
	},
	[0.083] = {
		["Torso"] = {["CFrame"] = CFrame.new(-0.017, -0.249, -0.497, 0.975, 0.205, 0.08, -0.15, 0.886, -0.44, -0.161, 0.417, 0.894)},
		["Head"] = {["CFrame"] = CFrame.new(-0, 0, 0, 0.977, -0.214, 0.003, 0.213, 0.969, -0.125, 0.024, 0.122, 0.992)},
		["Left Arm"] = {["CFrame"] = CFrame.new(-0.491, -0.948, 0.171, -0.689, 0.486, -0.537, -0.718, -0.364, 0.593, 0.092, 0.795, 0.6)},
		["Left Leg"] = {["CFrame"] = CFrame.new(-1.047, 0.59, -0.397, 0.971, -0.23, 0.067, 0.15, 0.801, 0.58, -0.187, -0.553, 0.812)},
		["Right Arm"] = {["CFrame"] = CFrame.new(0.145, -1.164, -0.221, -0.686, -0.704, 0.183, 0.711, -0.595, 0.375, -0.155, 0.388, 0.909)},
		["Right Leg"] = {["CFrame"] = CFrame.new(0.93, 0.551, -0.08, 0.994, 0.019, -0.109, -0.027, 0.997, -0.07, 0.107, 0.073, 0.992)},
	},
	[0.1] = {
		["Torso"] = {["CFrame"] = CFrame.new(-0.025, -0.242, -0.512, 0.98, 0.183, 0.075, -0.134, 0.894, -0.427, -0.145, 0.409, 0.901)},
		["Head"] = {["CFrame"] = CFrame.new(-0, 0, 0, 0.977, -0.214, 0.002, 0.213, 0.969, -0.125, 0.025, 0.122, 0.992)},
		["Left Arm"] = {["CFrame"] = CFrame.new(-0.374, -1.037, 0.135, -0.706, 0.553, -0.442, -0.703, -0.474, 0.53, 0.083, 0.685, 0.724)},
		["Left Leg"] = {["CFrame"] = CFrame.new(-1.087, 0.583, -0.42, 0.97, -0.24, 0.031, 0.179, 0.798, 0.576, -0.163, -0.553, 0.817)},
		["Right Arm"] = {["CFrame"] = CFrame.new(0.06, -1.24, -0.186, -0.661, -0.748, 0.064, 0.716, -0.603, 0.351, -0.224, 0.277, 0.934)},
		["Right Leg"] = {["CFrame"] = CFrame.new(0.948, 0.57, -0.074, 0.991, 0.048, -0.124, -0.055, 0.997, -0.052, 0.122, 0.059, 0.991)},
	},
	[0.117] = {
		["Torso"] = {["CFrame"] = CFrame.new(-0.019, -0.237, -0.511, 0.982, 0.173, 0.073, -0.127, 0.899, -0.42, -0.138, 0.404, 0.904)},
		["Head"] = {["CFrame"] = CFrame.new(-0, 0, 0, 0.977, -0.213, 0.002, 0.211, 0.969, -0.125, 0.025, 0.122, 0.992)},
		["Left Arm"] = {["CFrame"] = CFrame.new(-0.298, -1.001, 0.145, -0.646, 0.626, -0.436, -0.746, -0.399, 0.533, 0.159, 0.67, 0.725)},
		["Left Leg"] = {["CFrame"] = CFrame.new(-1.091, 0.585, -0.413, 0.97, -0.241, 0.03, 0.183, 0.806, 0.563, -0.16, -0.541, 0.826)},
		["Right Arm"] = {["CFrame"] = CFrame.new(-0.029, -1.163, -0.11, -0.565, -0.821, 0.084, 0.772, -0.489, 0.407, -0.293, 0.295, 0.91)},
		["Right Leg"] = {["CFrame"] = CFrame.new(0.959, 0.574, -0.081, 0.992, 0.059, -0.115, -0.063, 0.997, -0.036, 0.113, 0.043, 0.993)},
	},
	[0.133] = {
		["Torso"] = {["CFrame"] = CFrame.new(-0.005, -0.227, -0.51, 0.986, 0.152, 0.068, -0.112, 0.907, -0.406, -0.123, 0.392, 0.911)},
		["Head"] = {["CFrame"] = CFrame.new(-0, 0, 0, 0.978, -0.209, 0.001, 0.208, 0.97, -0.125, 0.025, 0.122, 0.992)},
		["Left Arm"] = {["CFrame"] = CFrame.new(-0.144, -0.93, 0.166, -0.506, 0.751, -0.425, -0.807, -0.238, 0.54, 0.305, 0.616, 0.726)},
		["Left Leg"] = {["CFrame"] = CFrame.new(-1.099, 0.59, -0.399, 0.97, -0.243, 0.029, 0.19, 0.821, 0.538, -0.154, -0.516, 0.843)},
		["Right Arm"] = {["CFrame"] = CFrame.new(-0.208, -1.008, 0.043, -0.353, -0.924, 0.146, 0.83, -0.237, 0.504, -0.431, 0.299, 0.851)},
		["Right Leg"] = {["CFrame"] = CFrame.new(0.982, 0.58, -0.095, 0.992, 0.079, -0.096, -0.08, 0.997, -0.003, 0.096, 0.01, 0.995)},
	},
	[0.15] = {
		["Torso"] = {["CFrame"] = CFrame.new(0.001, -0.223, -0.509, 0.988, 0.142, 0.065, -0.105, 0.911, -0.398, -0.116, 0.387, 0.915)},
		["Head"] = {["CFrame"] = CFrame.new(-0, 0, 0, 0.978, -0.207, 0.001, 0.206, 0.971, -0.125, 0.025, 0.123, 0.992)},
		["Left Arm"] = {["CFrame"] = CFrame.new(-0.068, -0.895, 0.176, -0.427, 0.801, -0.419, -0.824, -0.154, 0.545, 0.372, 0.578, 0.726)},
		["Left Leg"] = {["CFrame"] = CFrame.new(-1.103, 0.592, -0.392, 0.97, -0.243, 0.028, 0.193, 0.829, 0.525, -0.151, -0.504, 0.851)},
		["Right Arm"] = {["CFrame"] = CFrame.new(-0.298, -0.931, 0.119, -0.24, -0.953, 0.186, 0.833, -0.104, 0.543, -0.498, 0.286, 0.819)},
		["Right Leg"] = {["CFrame"] = CFrame.new(0.993, 0.584, -0.102, 0.992, 0.089, -0.087, -0.088, 0.996, 0.014, 0.088, -0.006, 0.996)},
	},
	[0.167] = {
		["Torso"] = {["CFrame"] = CFrame.new(0.022, -0.213, -0.49, 0.992, 0.113, 0.054, -0.084, 0.92, -0.384, -0.093, 0.376, 0.922)},
		["Head"] = {["CFrame"] = CFrame.new(-0, 0, 0, 0.981, -0.193, 0, 0.192, 0.973, -0.125, 0.024, 0.123, 0.992)},
		["Left Arm"] = {["CFrame"] = CFrame.new(0.004, -0.759, 0.12, -0.107, 0.907, -0.408, -0.784, 0.175, 0.595, 0.611, 0.384, 0.692)},
		["Left Leg"] = {["CFrame"] = CFrame.new(-1.077, 0.585, -0.335, 0.972, -0.229, 0.045, 0.182, 0.865, 0.468, -0.146, -0.447, 0.882)},
		["Right Arm"] = {["CFrame"] = CFrame.new(-0.323, -0.707, 0.154, 0.008, -0.961, 0.276, 0.756, 0.187, 0.627, -0.654, 0.203, 0.728)},
		["Right Leg"] = {["CFrame"] = CFrame.new(1.016, 0.57, -0.171, 0.994, 0.109, -0.031, -0.106, 0.991, 0.08, 0.039, -0.076, 0.996)},
	},
	[0.183] = {
		["Torso"] = {["CFrame"] = CFrame.new(0.063, -0.193, -0.45, 0.998, 0.055, 0.03, -0.041, 0.934, -0.356, -0.047, 0.354, 0.934)},
		["Head"] = {["CFrame"] = CFrame.new(-0, 0, 0, 0.986, -0.165, -0.002, 0.163, 0.979, -0.125, 0.022, 0.123, 0.992)},
		["Left Arm"] = {["CFrame"] = CFrame.new(0.149, -0.487, 0.009, 0.525, 0.725, -0.445, -0.349, 0.661, 0.665, 0.776, -0.194, 0.6)},
		["Left Leg"] = {["CFrame"] = CFrame.new(-1.026, 0.572, -0.221, 0.977, -0.198, 0.077, 0.159, 0.923, 0.349, -0.14, -0.329, 0.934)},
		["Right Arm"] = {["CFrame"] = CFrame.new(-0.374, -0.26, 0.226, 0.422, -0.748, 0.513, 0.36, 0.657, 0.662, -0.832, -0.094, 0.546)},
		["Right Leg"] = {["CFrame"] = CFrame.new(1.063, 0.542, -0.308, 0.987, 0.135, 0.085, -0.15, 0.967, 0.207, -0.054, -0.218, 0.975)},
	},
	[0.2] = {
		["Torso"] = {["CFrame"] = CFrame.new(0.084, -0.184, -0.431, 1, 0.026, 0.017, -0.019, 0.94, -0.342, -0.025, 0.341, 0.94)},
		["Head"] = {["CFrame"] = CFrame.new(-0, 0, 0, 0.989, -0.151, -0.003, 0.149, 0.981, -0.125, 0.022, 0.124, 0.992)},
		["Left Arm"] = {["CFrame"] = CFrame.new(0.221, -0.351, -0.046, 0.737, 0.467, -0.488, -0.024, 0.74, 0.672, 0.675, -0.484, 0.557)},
		["Left Leg"] = {["CFrame"] = CFrame.new(-1, 0.566, -0.164, 0.979, -0.18, 0.091, 0.148, 0.947, 0.287, -0.138, -0.267, 0.954)},
		["Right Arm"] = {["CFrame"] = CFrame.new(-0.4, -0.036, 0.262, 0.544, -0.548, 0.636, 0.082, 0.789, 0.609, -0.835, -0.279, 0.474)},
		["Right Leg"] = {["CFrame"] = CFrame.new(1.086, 0.529, -0.376, 0.979, 0.142, 0.144, -0.177, 0.947, 0.268, -0.098, -0.288, 0.953)},
	},
	[0.217] = {
		["Torso"] = {["CFrame"] = CFrame.new(0.068, -0.18, -0.417, 1, -0.002, 0, 0.002, 0.942, -0.336, 0.001, 0.336, 0.942)},
		["Head"] = {["CFrame"] = CFrame.new(-0, 0, 0, 0.991, -0.137, 0.001, 0.136, 0.983, -0.125, 0.017, 0.124, 0.992)},
		["Left Arm"] = {["CFrame"] = CFrame.new(0.261, -0.328, -0.015, 0.727, 0.465, -0.505, 0.013, 0.726, 0.688, 0.686, -0.507, 0.521)},
		["Left Leg"] = {["CFrame"] = CFrame.new(-0.979, 0.537, -0.148, 0.983, -0.161, 0.083, 0.135, 0.958, 0.252, -0.12, -0.237, 0.964)},
		["Right Arm"] = {["CFrame"] = CFrame.new(-0.427, -0.048, 0.279, 0.527, -0.582, 0.619, 0.128, 0.775, 0.619, -0.84, -0.247, 0.483)},
		["Right Leg"] = {["CFrame"] = CFrame.new(1.078, 0.512, -0.397, 0.978, 0.155, 0.137, -0.19, 0.935, 0.301, -0.082, -0.32, 0.944)},
	},
	[0.233] = {
		["Torso"] = {["CFrame"] = CFrame.new(0.036, -0.172, -0.39, 0.998, -0.059, -0.034, 0.045, 0.945, -0.324, 0.051, 0.322, 0.945)},
		["Head"] = {["CFrame"] = CFrame.new(-0, 0, 0, 0.994, -0.111, 0.007, 0.111, 0.986, -0.125, 0.007, 0.125, 0.992)},
		["Left Arm"] = {["CFrame"] = CFrame.new(0.341, -0.282, 0.048, 0.706, 0.462, -0.537, 0.089, 0.694, 0.714, 0.703, -0.552, 0.449)},
		["Left Leg"] = {["CFrame"] = CFrame.new(-0.937, 0.481, -0.115, 0.99, -0.123, 0.065, 0.109, 0.977, 0.183, -0.086, -0.174, 0.981)},
		["Right Arm"] = {["CFrame"] = CFrame.new(-0.482, -0.072, 0.313, 0.489, -0.648, 0.584, 0.22, 0.739, 0.637, -0.844, -0.183, 0.504)},
		["Right Leg"] = {["CFrame"] = CFrame.new(1.062, 0.477, -0.437, 0.976, 0.18, 0.125, -0.214, 0.905, 0.366, -0.047, -0.384, 0.922)},
	},
	[0.25] = {
		["Torso"] = {["CFrame"] = CFrame.new(0.019, -0.168, -0.377, 0.995, -0.087, -0.051, 0.066, 0.945, -0.319, 0.076, 0.314, 0.946)},
		["Head"] = {["CFrame"] = CFrame.new(-0, 0, 0, 0.995, -0.098, 0.011, 0.098, 0.987, -0.125, 0.002, 0.125, 0.992)},
		["Left Arm"] = {["CFrame"] = CFrame.new(0.38, -0.258, 0.079, 0.694, 0.462, -0.552, 0.127, 0.677, 0.725, 0.709, -0.573, 0.411)},
		["Left Leg"] = {["CFrame"] = CFrame.new(-0.916, 0.453, -0.099, 0.993, -0.104, 0.055, 0.095, 0.984, 0.148, -0.07, -0.142, 0.987)},
		["Right Arm"] = {["CFrame"] = CFrame.new(-0.509, -0.084, 0.33, 0.467, -0.68, 0.566, 0.264, 0.718, 0.644, -0.844, -0.151, 0.515)},
		["Right Leg"] = {["CFrame"] = CFrame.new(1.054, 0.46, -0.458, 0.974, 0.193, 0.12, -0.225, 0.889, 0.399, -0.029, -0.415, 0.909)},
	},
	[0.267] = {
		["Torso"] = {["CFrame"] = CFrame.new(-0.008, -0.161, -0.353, 0.988, -0.132, -0.079, 0.102, 0.947, -0.306, 0.115, 0.294, 0.949)},
		["Head"] = {["CFrame"] = CFrame.new(-0, 0, 0, 0.997, -0.073, 0.036, 0.077, 0.989, -0.125, -0.027, 0.127, 0.992)},
		["Left Arm"] = {["CFrame"] = CFrame.new(0.423, -0.202, 0.16, 0.611, 0.52, -0.597, 0.133, 0.676, 0.725, 0.78, -0.522, 0.343)},
		["Left Leg"] = {["CFrame"] = CFrame.new(-0.834, 0.38, -0.082, 0.997, -0.061, 0.038, 0.057, 0.994, 0.094, -0.043, -0.091, 0.995)},
		["Right Arm"] = {["CFrame"] = CFrame.new(-0.543, -0.196, 0.386, 0.335, -0.803, 0.494, 0.401, 0.595, 0.696, -0.853, -0.035, 0.521)},
		["Right Leg"] = {["CFrame"] = CFrame.new(1.022, 0.423, -0.456, 0.971, 0.219, 0.094, -0.238, 0.866, 0.44, 0.014, -0.449, 0.893)},
	},
	[0.283] = {
		["Torso"] = {["CFrame"] = CFrame.new(-0.063, -0.145, -0.304, 0.966, -0.219, -0.137, 0.174, 0.944, -0.282, 0.191, 0.248, 0.95)},
		["Head"] = {["CFrame"] = CFrame.new(-0, 0, 0, 0.996, -0.025, 0.087, 0.036, 0.991, -0.125, -0.083, 0.128, 0.988)},
		["Left Arm"] = {["CFrame"] = CFrame.new(0.508, -0.09, 0.321, 0.424, 0.618, -0.662, 0.146, 0.675, 0.724, 0.894, -0.403, 0.195)},
		["Left Leg"] = {["CFrame"] = CFrame.new(-0.669, 0.233, -0.047, 1, 0.022, -0.005, -0.022, 1, -0.014, 0.005, 0.014, 1)},
		["Right Arm"] = {["CFrame"] = CFrame.new(-0.61, -0.422, 0.5, 0.012, -0.943, 0.331, 0.594, 0.274, 0.756, -0.804, 0.188, 0.564)},
		["Right Leg"] = {["CFrame"] = CFrame.new(0.958, 0.349, -0.453, 0.961, 0.272, 0.047, -0.257, 0.815, 0.52, 0.103, -0.512, 0.853)},
	},
	[0.3] = {
		["Torso"] = {["CFrame"] = CFrame.new(-0.09, -0.138, -0.28, 0.951, -0.261, -0.167, 0.211, 0.939, -0.271, 0.228, 0.223, 0.948)},
		["Head"] = {["CFrame"] = CFrame.new(0, 0, 0, 0.994, -0, 0.112, 0.015, 0.992, -0.127, -0.111, 0.128, 0.986)},
		["Left Arm"] = {["CFrame"] = CFrame.new(0.551, -0.033, 0.401, 0.322, 0.657, -0.682, 0.152, 0.675, 0.722, 0.934, -0.336, 0.117)},
		["Left Leg"] = {["CFrame"] = CFrame.new(-0.587, 0.16, -0.029, 0.998, 0.061, -0.03, -0.063, 0.996, -0.067, 0.025, 0.069, 0.997)},
		["Right Arm"] = {["CFrame"] = CFrame.new(-0.644, -0.534, 0.557, -0.163, -0.955, 0.249, 0.642, 0.089, 0.762, -0.749, 0.284, 0.598)},
		["Right Leg"] = {["CFrame"] = CFrame.new(0.926, 0.311, -0.452, 0.953, 0.3, 0.026, -0.263, 0.786, 0.559, 0.148, -0.54, 0.829)},
	},
	[0.317] = {
		["Torso"] = {["CFrame"] = CFrame.new(-0.096, -0.135, -0.27, 0.949, -0.262, -0.175, 0.21, 0.94, -0.267, 0.234, 0.217, 0.948)},
		["Head"] = {["CFrame"] = CFrame.new(0, 0, 0, 0.993, -0, 0.118, 0.015, 0.992, -0.128, -0.117, 0.129, 0.985)},
		["Left Arm"] = {["CFrame"] = CFrame.new(0.483, -0.082, 0.371, 0.26, 0.665, -0.7, 0.113, 0.699, 0.706, 0.959, -0.263, 0.107)},
		["Left Leg"] = {["CFrame"] = CFrame.new(-0.49, 0.124, -0.015, 0.995, 0.101, -0.023, -0.102, 0.991, -0.083, 0.015, 0.085, 0.996)},
		["Right Arm"] = {["CFrame"] = CFrame.new(-0.542, -0.568, 0.517, -0.189, -0.946, 0.265, 0.658, 0.078, 0.749, -0.729, 0.316, 0.607)},
		["Right Leg"] = {["CFrame"] = CFrame.new(0.906, 0.307, -0.446, 0.954, 0.3, 0.01, -0.252, 0.784, 0.567, 0.162, -0.543, 0.824)},
	},
	[0.333] = {
		["Torso"] = {["CFrame"] = CFrame.new(-0.108, -0.129, -0.251, 0.946, -0.263, -0.19, 0.21, 0.943, -0.258, 0.247, 0.204, 0.947)},
		["Head"] = {["CFrame"] = CFrame.new(0, 0, 0, 0.992, 0.001, 0.129, 0.016, 0.991, -0.131, -0.128, 0.132, 0.983)},
		["Left Arm"] = {["CFrame"] = CFrame.new(0.347, -0.181, 0.309, 0.135, 0.666, -0.734, 0.028, 0.738, 0.675, 0.99, -0.111, 0.081)},
		["Left Leg"] = {["CFrame"] = CFrame.new(-0.295, 0.051, 0.014, 0.984, 0.179, -0.012, -0.179, 0.977, -0.115, -0.009, 0.116, 0.993)},
		["Right Arm"] = {["CFrame"] = CFrame.new(-0.337, -0.635, 0.436, -0.239, -0.924, 0.297, 0.688, 0.054, 0.724, -0.685, 0.378, 0.623)},
		["Right Leg"] = {["CFrame"] = CFrame.new(0.865, 0.299, -0.434, 0.954, 0.299, -0.021, -0.232, 0.78, 0.582, 0.19, -0.55, 0.813)},
	},
	[0.35] = {
		["Torso"] = {["CFrame"] = CFrame.new(-0.114, -0.127, -0.241, 0.944, -0.263, -0.198, 0.21, 0.944, -0.254, 0.253, 0.198, 0.947)},
		["Head"] = {["CFrame"] = CFrame.new(0, 0, 0, 0.991, 0.001, 0.134, 0.017, 0.991, -0.132, -0.133, 0.133, 0.982)},
		["Left Arm"] = {["CFrame"] = CFrame.new(0.279, -0.23, 0.278, 0.072, 0.659, -0.749, -0.017, 0.751, 0.66, 0.997, -0.035, 0.066)},
		["Left Leg"] = {["CFrame"] = CFrame.new(-0.198, 0.014, 0.029, 0.976, 0.218, -0.008, -0.217, 0.967, -0.132, -0.021, 0.13, 0.991)},
		["Right Arm"] = {["CFrame"] = CFrame.new(-0.235, -0.669, 0.396, -0.264, -0.912, 0.313, 0.702, 0.042, 0.711, -0.662, 0.407, 0.629)},
		["Right Leg"] = {["CFrame"] = CFrame.new(0.845, 0.295, -0.429, 0.954, 0.299, -0.036, -0.221, 0.777, 0.589, 0.204, -0.554, 0.807)},
	},
	[0.367] = {
		["Torso"] = {["CFrame"] = CFrame.new(-0.1, -0.123, -0.227, 0.949, -0.255, -0.187, 0.206, 0.947, -0.247, 0.24, 0.196, 0.951)},
		["Head"] = {["CFrame"] = CFrame.new(0, 0, 0, 0.991, 0, 0.13, 0.018, 0.99, -0.137, -0.129, 0.138, 0.982)},
		["Left Arm"] = {["CFrame"] = CFrame.new(0.173, -0.326, 0.054, -0.092, 0.626, -0.775, -0.201, 0.75, 0.63, 0.975, 0.214, 0.056)},
		["Left Leg"] = {["CFrame"] = CFrame.new(-0.188, 0.016, 0.024, 0.977, 0.215, 0.004, -0.213, 0.97, -0.118, -0.029, 0.115, 0.993)},
		["Right Arm"] = {["CFrame"] = CFrame.new(-0.093, -0.584, 0.119, -0.297, -0.862, 0.412, 0.696, 0.1, 0.711, -0.654, 0.498, 0.57)},
		["Right Leg"] = {["CFrame"] = CFrame.new(0.794, 0.302, -0.389, 0.954, 0.287, -0.085, -0.19, 0.8, 0.57, 0.232, -0.527, 0.817)},
	},
	[0.383] = {
		["Torso"] = {["CFrame"] = CFrame.new(-0.07, -0.115, -0.199, 0.957, -0.238, -0.166, 0.197, 0.952, -0.234, 0.214, 0.191, 0.958)},
		["Head"] = {["CFrame"] = CFrame.new(0, 0, 0, 0.992, -0.002, 0.123, 0.02, 0.989, -0.147, -0.122, 0.148, 0.981)},
		["Left Arm"] = {["CFrame"] = CFrame.new(-0.038, -0.52, -0.393, -0.373, 0.442, -0.816, -0.539, 0.612, 0.578, 0.755, 0.656, 0.011)},
		["Left Leg"] = {["CFrame"] = CFrame.new(-0.169, 0.018, 0.016, 0.978, 0.209, 0.028, -0.206, 0.974, -0.091, -0.046, 0.083, 0.995)},
		["Right Arm"] = {["CFrame"] = CFrame.new(0.19, -0.415, -0.436, -0.36, -0.725, 0.588, 0.692, 0.216, 0.689, -0.626, 0.654, 0.424)},
		["Right Leg"] = {["CFrame"] = CFrame.new(0.694, 0.317, -0.311, 0.948, 0.259, -0.182, -0.129, 0.842, 0.524, 0.289, -0.474, 0.832)},
	},
	[0.4] = {
		["Torso"] = {["CFrame"] = CFrame.new(-0.055, -0.112, -0.185, 0.961, -0.23, -0.155, 0.192, 0.955, -0.228, 0.2, 0.189, 0.961)},
		["Head"] = {["CFrame"] = CFrame.new(0, 0, 0, 0.993, -0.003, 0.12, 0.021, 0.988, -0.152, -0.118, 0.153, 0.981)},
		["Left Arm"] = {["CFrame"] = CFrame.new(-0.144, -0.617, -0.617, -0.471, 0.304, -0.828, -0.673, 0.484, 0.56, 0.571, 0.821, -0.023)},
		["Left Leg"] = {["CFrame"] = CFrame.new(-0.16, 0.02, 0.012, 0.978, 0.206, 0.04, -0.202, 0.976, -0.077, -0.055, 0.068, 0.996)},
		["Right Arm"] = {["CFrame"] = CFrame.new(0.332, -0.33, -0.713, -0.389, -0.641, 0.662, 0.692, 0.271, 0.669, -0.608, 0.718, 0.338)},
		["Right Leg"] = {["CFrame"] = CFrame.new(0.644, 0.325, -0.272, 0.942, 0.243, -0.23, -0.1, 0.861, 0.499, 0.319, -0.447, 0.836)},
	},
	[0.417] = {
		["Torso"] = {["CFrame"] = CFrame.new(-0.043, -0.111, -0.19, 0.967, -0.211, -0.143, 0.176, 0.958, -0.226, 0.185, 0.193, 0.963)},
		["Head"] = {["CFrame"] = CFrame.new(0, 0, 0, 0.993, -0.004, 0.115, 0.022, 0.988, -0.155, -0.113, 0.156, 0.981)},
		["Left Arm"] = {["CFrame"] = CFrame.new(-0.145, -0.637, -0.559, -0.438, 0.345, -0.83, -0.714, 0.427, 0.555, 0.546, 0.835, 0.059)},
		["Left Leg"] = {["CFrame"] = CFrame.new(-0.264, 0.058, 0.002, 0.987, 0.149, 0.067, -0.146, 0.988, -0.052, -0.074, 0.042, 0.996)},
		["Right Arm"] = {["CFrame"] = CFrame.new(0.326, -0.337, -0.678, -0.322, -0.699, 0.638, 0.703, 0.274, 0.656, -0.634, 0.66, 0.403)},
		["Right Leg"] = {["CFrame"] = CFrame.new(0.642, 0.334, -0.242, 0.943, 0.232, -0.237, -0.098, 0.877, 0.47, 0.317, -0.421, 0.85)},
	},
	[0.433] = {
		["Torso"] = {["CFrame"] = CFrame.new(-0.019, -0.111, -0.198, 0.978, -0.173, -0.12, 0.143, 0.964, -0.224, 0.154, 0.202, 0.967)},
		["Head"] = {["CFrame"] = CFrame.new(0, 0, 0, 0.994, -0.008, 0.106, 0.025, 0.987, -0.161, -0.103, 0.163, 0.981)},
		["Left Arm"] = {["CFrame"] = CFrame.new(-0.147, -0.676, -0.443, -0.376, 0.431, -0.82, -0.79, 0.313, 0.527, 0.484, 0.846, 0.222)},
		["Left Leg"] = {["CFrame"] = CFrame.new(-0.474, 0.135, -0.017, 0.993, 0.032, 0.117, -0.033, 0.999, 0.003, -0.117, -0.007, 0.993)},
		["Right Arm"] = {["CFrame"] = CFrame.new(0.314, -0.35, -0.607, -0.183, -0.798, 0.574, 0.724, 0.286, 0.628, -0.666, 0.53, 0.525)},
		["Right Leg"] = {["CFrame"] = CFrame.new(0.638, 0.353, -0.183, 0.945, 0.211, -0.25, -0.093, 0.906, 0.412, 0.314, -0.366, 0.876)},
	},
	[0.45] = {
		["Torso"] = {["CFrame"] = CFrame.new(-0.007, -0.111, -0.203, 0.982, -0.154, -0.108, 0.127, 0.966, -0.223, 0.138, 0.205, 0.969)},
		["Head"] = {["CFrame"] = CFrame.new(0, 0, 0, 0.995, -0.01, 0.101, 0.027, 0.986, -0.164, -0.098, 0.166, 0.981)},
		["Left Arm"] = {["CFrame"] = CFrame.new(-0.148, -0.695, -0.384, -0.348, 0.474, -0.809, -0.824, 0.257, 0.505, 0.447, 0.842, 0.301)},
		["Left Leg"] = {["CFrame"] = CFrame.new(-0.579, 0.173, -0.027, 0.99, -0.027, 0.139, 0.023, 0.999, 0.033, -0.14, -0.03, 0.99)},
		["Right Arm"] = {["CFrame"] = CFrame.new(0.308, -0.357, -0.572, -0.112, -0.839, 0.533, 0.732, 0.293, 0.615, -0.672, 0.459, 0.581)},
		["Right Leg"] = {["CFrame"] = CFrame.new(0.637, 0.362, -0.153, 0.946, 0.199, -0.256, -0.09, 0.92, 0.383, 0.312, -0.339, 0.888)},
	},
	[0.467] = {
		["Torso"] = {["CFrame"] = CFrame.new(-0.001, -0.11, -0.225, 0.991, -0.102, -0.089, 0.08, 0.972, -0.219, 0.109, 0.21, 0.972)},
		["Head"] = {["CFrame"] = CFrame.new(0, 0, 0, 0.996, -0.014, 0.086, 0.029, 0.985, -0.17, -0.083, 0.172, 0.982)},
		["Left Arm"] = {["CFrame"] = CFrame.new(-0.067, -0.74, -0.227, -0.339, 0.659, -0.671, -0.833, 0.121, 0.54, 0.437, 0.742, 0.508)},
		["Left Leg"] = {["CFrame"] = CFrame.new(-0.6, 0.214, 0.01, 0.976, -0.071, 0.207, 0.058, 0.996, 0.069, -0.211, -0.055, 0.976)},
		["Right Arm"] = {["CFrame"] = CFrame.new(0.211, -0.352, -0.511, 0.157, -0.915, 0.372, 0.722, 0.364, 0.589, -0.674, 0.176, 0.718)},
		["Right Leg"] = {["CFrame"] = CFrame.new(0.676, 0.364, -0.091, 0.956, 0.188, -0.227, -0.11, 0.942, 0.317, 0.274, -0.278, 0.921)},
	},
	[0.483] = {
		["Torso"] = {["CFrame"] = CFrame.new(0.013, -0.11, -0.269, 0.999, 0.004, -0.051, -0.014, 0.977, -0.214, 0.049, 0.214, 0.976)},
		["Head"] = {["CFrame"] = CFrame.new(-0, 0, 0, 0.998, -0.023, 0.057, 0.033, 0.983, -0.182, -0.052, 0.184, 0.982)},
		["Left Arm"] = {["CFrame"] = CFrame.new(0.094, -0.83, 0.088, -0.331, 0.9, -0.282, -0.849, -0.154, 0.505, 0.411, 0.407, 0.816)},
		["Left Leg"] = {["CFrame"] = CFrame.new(-0.641, 0.294, 0.082, 0.928, -0.163, 0.334, 0.119, 0.982, 0.147, -0.352, -0.097, 0.931)},
		["Right Arm"] = {["CFrame"] = CFrame.new(0.016, -0.343, -0.389, 0.627, -0.778, -0.037, 0.646, 0.493, 0.583, -0.435, -0.389, 0.812)},
		["Right Leg"] = {["CFrame"] = CFrame.new(0.756, 0.369, 0.034, 0.971, 0.171, -0.166, -0.14, 0.974, 0.181, 0.193, -0.152, 0.969)},
	},
	[0.5] = {
		["Torso"] = {["CFrame"] = CFrame.new(0.019, -0.109, -0.291, 0.998, 0.056, -0.031, -0.062, 0.975, -0.213, 0.018, 0.214, 0.977)},
		["Head"] = {["CFrame"] = CFrame.new(-0, 0, 0, 0.999, -0.028, 0.042, 0.035, 0.981, -0.188, -0.036, 0.19, 0.981)},
		["Left Arm"] = {["CFrame"] = CFrame.new(0.175, -0.875, 0.246, -0.332, 0.942, -0.055, -0.856, -0.277, 0.437, 0.397, 0.192, 0.898)},
		["Left Leg"] = {["CFrame"] = CFrame.new(-0.661, 0.335, 0.118, 0.896, -0.21, 0.392, 0.145, 0.971, 0.189, -0.421, -0.112, 0.9)},
		["Right Arm"] = {["CFrame"] = CFrame.new(-0.081, -0.338, -0.328, 0.778, -0.58, -0.242, 0.589, 0.538, 0.603, -0.22, -0.611, 0.76)},
		["Right Leg"] = {["CFrame"] = CFrame.new(0.796, 0.371, 0.096, 0.977, 0.165, -0.135, -0.151, 0.982, 0.11, 0.151, -0.087, 0.985)},
	},
	[0.517] = {
		["Torso"] = {["CFrame"] = CFrame.new(0.027, -0.11, -0.288, 0.998, 0.055, -0.016, -0.057, 0.975, -0.213, 0.004, 0.213, 0.977)},
		["Head"] = {["CFrame"] = CFrame.new(-0, 0, 0, 0.999, -0.022, 0.029, 0.027, 0.981, -0.191, -0.024, 0.192, 0.981)},
		["Left Arm"] = {["CFrame"] = CFrame.new(0.217, -0.78, 0.274, -0.239, 0.967, -0.085, -0.847, -0.164, 0.506, 0.476, 0.193, 0.858)},
		["Left Leg"] = {["CFrame"] = CFrame.new(-0.663, 0.348, 0.092, 0.897, -0.21, 0.388, 0.134, 0.968, 0.214, -0.421, -0.14, 0.896)},
		["Right Arm"] = {["CFrame"] = CFrame.new(-0.097, -0.313, -0.328, 0.814, -0.54, -0.212, 0.543, 0.582, 0.605, -0.204, -0.608, 0.767)},
		["Right Leg"] = {["CFrame"] = CFrame.new(0.788, 0.348, 0.111, 0.978, 0.162, -0.132, -0.152, 0.985, 0.086, 0.144, -0.065, 0.988)},
	},
	[0.533] = {
		["Torso"] = {["CFrame"] = CFrame.new(0.043, -0.112, -0.282, 0.999, 0.051, 0.015, -0.047, 0.976, -0.213, -0.025, 0.212, 0.977)},
		["Head"] = {["CFrame"] = CFrame.new(0, 0, 0, 1, -0.011, 0.002, 0.011, 0.981, -0.196, 0, 0.196, 0.981)},
		["Left Arm"] = {["CFrame"] = CFrame.new(0.302, -0.591, 0.33, -0.053, 0.984, -0.168, -0.78, 0.064, 0.622, 0.623, 0.164, 0.765)},
		["Left Leg"] = {["CFrame"] = CFrame.new(-0.667, 0.375, 0.039, 0.9, -0.21, 0.381, 0.112, 0.958, 0.264, -0.42, -0.195, 0.886)},
		["Right Arm"] = {["CFrame"] = CFrame.new(-0.127, -0.264, -0.328, 0.879, -0.453, -0.151, 0.445, 0.662, 0.603, -0.173, -0.597, 0.783)},
		["Right Leg"] = {["CFrame"] = CFrame.new(0.771, 0.3, 0.141, 0.98, 0.156, -0.125, -0.152, 0.988, 0.039, 0.129, -0.019, 0.991)},
	},
	[0.55] = {
		["Torso"] = {["CFrame"] = CFrame.new(0.05, -0.113, -0.279, 0.998, 0.05, 0.03, -0.042, 0.976, -0.213, -0.04, 0.211, 0.977)},
		["Head"] = {["CFrame"] = CFrame.new(0, 0, 0, 1, -0.005, -0.012, 0.003, 0.98, -0.198, 0.013, 0.198, 0.98)},
		["Left Arm"] = {["CFrame"] = CFrame.new(0.344, -0.496, 0.357, 0.035, 0.975, -0.219, -0.725, 0.175, 0.666, 0.688, 0.135, 0.713)},
		["Left Leg"] = {["CFrame"] = CFrame.new(-0.669, 0.389, 0.013, 0.902, -0.21, 0.377, 0.101, 0.952, 0.289, -0.419, -0.222, 0.88)},
		["Right Arm"] = {["CFrame"] = CFrame.new(-0.143, -0.239, -0.328, 0.906, -0.406, -0.122, 0.393, 0.698, 0.599, -0.158, -0.591, 0.791)},
		["Right Leg"] = {["CFrame"] = CFrame.new(0.763, 0.277, 0.156, 0.981, 0.153, -0.121, -0.152, 0.988, 0.015, 0.122, 0.004, 0.993)},
	},
	[0.567] = {
		["Torso"] = {["CFrame"] = CFrame.new(0.056, -0.092, -0.265, 0.997, 0.027, 0.066, -0.015, 0.984, -0.175, -0.07, 0.173, 0.982)},
		["Head"] = {["CFrame"] = CFrame.new(0, 0, 0, 0.999, 0.016, -0.043, -0.025, 0.978, -0.209, 0.039, 0.21, 0.977)},
		["Left Arm"] = {["CFrame"] = CFrame.new(0.34, -0.314, 0.312, 0.198, 0.914, -0.355, -0.525, 0.405, 0.749, 0.828, 0.038, 0.56)},
		["Left Leg"] = {["CFrame"] = CFrame.new(-0.692, 0.36, -0.083, 0.936, -0.234, 0.265, 0.128, 0.923, 0.362, -0.329, -0.305, 0.894)},
		["Right Arm"] = {["CFrame"] = CFrame.new(-0.166, -0.225, -0.32, 0.937, -0.349, 0.024, 0.265, 0.752, 0.603, -0.228, -0.559, 0.797)},
		["Right Leg"] = {["CFrame"] = CFrame.new(0.722, 0.188, 0.176, 0.975, 0.181, -0.127, -0.187, 0.982, -0.033, 0.119, 0.056, 0.991)},
	},
	[0.583] = {
		["Torso"] = {["CFrame"] = CFrame.new(0.069, -0.048, -0.239, 0.99, -0.023, 0.136, 0.036, 0.995, -0.096, -0.133, 0.1, 0.986)},
		["Head"] = {["CFrame"] = CFrame.new(0, 0, 0, 0.993, 0.057, -0.106, -0.081, 0.97, -0.228, 0.09, 0.235, 0.968)},
		["Left Arm"] = {["CFrame"] = CFrame.new(0.332, 0.049, 0.22, 0.372, 0.653, -0.659, 0.017, 0.705, 0.709, 0.928, -0.275, 0.252)},
		["Left Leg"] = {["CFrame"] = CFrame.new(-0.739, 0.302, -0.274, 0.968, -0.249, 0.03, 0.203, 0.848, 0.489, -0.147, -0.467, 0.872)},
		["Right Arm"] = {["CFrame"] = CFrame.new(-0.212, -0.199, -0.304, 0.928, -0.21, 0.308, 0.006, 0.834, 0.551, -0.372, -0.51, 0.775)},
		["Right Leg"] = {["CFrame"] = CFrame.new(0.64, 0.011, 0.215, 0.961, 0.236, -0.142, -0.254, 0.959, -0.128, 0.106, 0.159, 0.981)},
	},
	[0.6] = {
		["Torso"] = {["CFrame"] = CFrame.new(0.075, -0.026, -0.225, 0.984, -0.049, 0.169, 0.06, 0.997, -0.055, -0.166, 0.064, 0.984)},
		["Head"] = {["CFrame"] = CFrame.new(0, 0, 0, 0.987, 0.077, -0.138, -0.109, 0.966, -0.236, 0.115, 0.248, 0.962)},
		["Left Arm"] = {["CFrame"] = CFrame.new(0.327, 0.231, 0.174, 0.366, 0.481, -0.797, 0.306, 0.747, 0.591, 0.879, -0.46, 0.126)},
		["Left Leg"] = {["CFrame"] = CFrame.new(-0.762, 0.273, -0.37, 0.966, -0.241, -0.089, 0.25, 0.803, 0.541, -0.059, -0.545, 0.836)},
		["Right Arm"] = {["CFrame"] = CFrame.new(-0.235, -0.186, -0.296, 0.889, -0.131, 0.44, -0.119, 0.86, 0.497, -0.443, -0.494, 0.748)},
		["Right Leg"] = {["CFrame"] = CFrame.new(0.599, -0.077, 0.234, 0.953, 0.262, -0.152, -0.287, 0.942, -0.175, 0.098, 0.21, 0.973)},
	},
	[0.617] = {
		["Torso"] = {["CFrame"] = CFrame.new(0.09, -0.032, -0.224, 0.98, -0.048, 0.194, 0.062, 0.996, -0.066, -0.19, 0.076, 0.979)},
		["Head"] = {["CFrame"] = CFrame.new(0, 0, 0, 0.985, 0.076, -0.157, -0.112, 0.965, -0.238, 0.133, 0.252, 0.959)},
		["Left Arm"] = {["CFrame"] = CFrame.new(0.386, 0.257, 0.225, 0.315, 0.493, -0.811, 0.268, 0.773, 0.575, 0.91, -0.398, 0.112)},
		["Left Leg"] = {["CFrame"] = CFrame.new(-0.789, 0.272, -0.395, 0.959, -0.229, -0.167, 0.283, 0.786, 0.55, 0.006, -0.575, 0.818)},
		["Right Arm"] = {["CFrame"] = CFrame.new(-0.31, -0.203, -0.215, 0.823, -0.236, 0.517, -0.049, 0.877, 0.477, -0.566, -0.418, 0.71)},
		["Right Leg"] = {["CFrame"] = CFrame.new(0.555, -0.111, 0.246, 0.956, 0.235, -0.175, -0.27, 0.94, -0.209, 0.115, 0.247, 0.962)},
	},
	[0.633] = {
		["Torso"] = {["CFrame"] = CFrame.new(0.119, -0.045, -0.221, 0.969, -0.044, 0.242, 0.067, 0.994, -0.087, -0.237, 0.101, 0.966)},
		["Head"] = {["CFrame"] = CFrame.new(0, 0, 0, 0.978, 0.073, -0.193, -0.119, 0.963, -0.24, 0.169, 0.258, 0.951)},
		["Left Arm"] = {["CFrame"] = CFrame.new(0.503, 0.31, 0.328, 0.211, 0.508, -0.835, 0.186, 0.818, 0.544, 0.96, -0.27, 0.078)},
		["Left Leg"] = {["CFrame"] = CFrame.new(-0.842, 0.271, -0.444, 0.927, -0.195, -0.319, 0.351, 0.751, 0.559, 0.131, -0.631, 0.765)},
		["Right Arm"] = {["CFrame"] = CFrame.new(-0.46, -0.237, -0.051, 0.635, -0.41, 0.655, 0.1, 0.884, 0.457, -0.766, -0.225, 0.602)},
		["Right Leg"] = {["CFrame"] = CFrame.new(0.468, -0.179, 0.269, 0.96, 0.179, -0.217, -0.236, 0.931, -0.277, 0.153, 0.317, 0.936)},
	},
	[0.65] = {
		["Torso"] = {["CFrame"] = CFrame.new(0.134, -0.051, -0.219, 0.963, -0.042, 0.266, 0.07, 0.993, -0.098, -0.26, 0.113, 0.959)},
		["Head"] = {["CFrame"] = CFrame.new(0, 0, 0, 0.975, 0.071, -0.212, -0.123, 0.963, -0.242, 0.186, 0.261, 0.947)},
		["Left Arm"] = {["CFrame"] = CFrame.new(0.562, 0.336, 0.379, 0.158, 0.51, -0.846, 0.142, 0.836, 0.53, 0.977, -0.204, 0.059)},
		["Left Leg"] = {["CFrame"] = CFrame.new(-0.869, 0.27, -0.468, 0.903, -0.175, -0.392, 0.385, 0.734, 0.559, 0.19, -0.656, 0.73)},
		["Right Arm"] = {["CFrame"] = CFrame.new(-0.535, -0.254, 0.03, 0.517, -0.476, 0.712, 0.174, 0.872, 0.457, -0.838, -0.113, 0.534)},
		["Right Leg"] = {["CFrame"] = CFrame.new(0.425, -0.213, 0.281, 0.96, 0.149, -0.237, -0.221, 0.924, -0.311, 0.173, 0.351, 0.92)},
	},
	[0.667] = {
		["Torso"] = {["CFrame"] = CFrame.new(0.134, -0.055, -0.223, 0.963, -0.041, 0.266, 0.071, 0.992, -0.105, -0.259, 0.12, 0.958)},
		["Head"] = {["CFrame"] = CFrame.new(0, 0, -0, 0.975, 0.069, -0.211, -0.121, 0.962, -0.243, 0.186, 0.263, 0.947)},
		["Left Arm"] = {["CFrame"] = CFrame.new(0.558, 0.285, 0.416, 0.101, 0.552, -0.828, 0.06, 0.827, 0.559, 0.993, -0.106, 0.05)},
		["Left Leg"] = {["CFrame"] = CFrame.new(-0.878, 0.277, -0.47, 0.904, -0.173, -0.391, 0.383, 0.735, 0.559, 0.191, -0.655, 0.731)},
		["Right Arm"] = {["CFrame"] = CFrame.new(-0.542, -0.283, 0.084, 0.436, -0.55, 0.713, 0.253, 0.835, 0.489, -0.864, -0.033, 0.503)},
		["Right Leg"] = {["CFrame"] = CFrame.new(0.437, -0.205, 0.281, 0.96, 0.149, -0.239, -0.22, 0.925, -0.309, 0.175, 0.349, 0.921)},
	},
	[0.683] = {
		["Torso"] = {["CFrame"] = CFrame.new(0.135, -0.064, -0.231, 0.964, -0.038, 0.265, 0.072, 0.99, -0.119, -0.258, 0.133, 0.957)},
		["Head"] = {["CFrame"] = CFrame.new(0, 0, -0, 0.976, 0.064, -0.209, -0.116, 0.962, -0.247, 0.185, 0.265, 0.946)},
		["Left Arm"] = {["CFrame"] = CFrame.new(0.551, 0.184, 0.491, -0.023, 0.617, -0.787, -0.098, 0.782, 0.616, 0.995, 0.092, 0.042)},
		["Left Leg"] = {["CFrame"] = CFrame.new(-0.895, 0.29, -0.473, 0.905, -0.17, -0.39, 0.379, 0.737, 0.56, 0.192, -0.654, 0.732)},
		["Right Arm"] = {["CFrame"] = CFrame.new(-0.557, -0.341, 0.192, 0.252, -0.668, 0.7, 0.394, 0.732, 0.556, -0.884, 0.136, 0.447)},
		["Right Leg"] = {["CFrame"] = CFrame.new(0.463, -0.189, 0.28, 0.959, 0.147, -0.243, -0.22, 0.927, -0.305, 0.18, 0.346, 0.921)},
	},
	[0.7] = {
		["Torso"] = {["CFrame"] = CFrame.new(0.135, -0.068, -0.236, 0.964, -0.036, 0.265, 0.072, 0.989, -0.126, -0.257, 0.14, 0.956)},
		["Head"] = {["CFrame"] = CFrame.new(0, 0, -0, 0.976, 0.062, -0.208, -0.114, 0.962, -0.248, 0.185, 0.266, 0.946)},
		["Left Arm"] = {["CFrame"] = CFrame.new(0.548, 0.133, 0.528, -0.089, 0.638, -0.765, -0.173, 0.746, 0.643, 0.981, 0.19, 0.044)},
		["Left Leg"] = {["CFrame"] = CFrame.new(-0.904, 0.297, -0.475, 0.906, -0.168, -0.389, 0.377, 0.738, 0.56, 0.193, -0.654, 0.732)},
		["Right Arm"] = {["CFrame"] = CFrame.new(-0.564, -0.37, 0.246, 0.152, -0.71, 0.687, 0.453, 0.668, 0.591, -0.879, 0.221, 0.423)},
		["Right Leg"] = {["CFrame"] = CFrame.new(0.476, -0.181, 0.28, 0.958, 0.146, -0.245, -0.219, 0.928, -0.303, 0.183, 0.344, 0.921)},
	},
	[0.717] = {
		["Torso"] = {["CFrame"] = CFrame.new(0.135, -0.077, -0.25, 0.966, -0.035, 0.256, 0.073, 0.987, -0.141, -0.248, 0.155, 0.956)},
		["Head"] = {["CFrame"] = CFrame.new(0, 0, -0, 0.978, 0.046, -0.202, -0.098, 0.962, -0.253, 0.182, 0.268, 0.946)},
		["Left Arm"] = {["CFrame"] = CFrame.new(0.434, -0.048, 0.538, -0.261, 0.702, -0.663, -0.267, 0.607, 0.748, 0.928, 0.372, 0.029)},
		["Left Leg"] = {["CFrame"] = CFrame.new(-0.934, 0.321, -0.463, 0.907, -0.17, -0.385, 0.372, 0.751, 0.546, 0.196, -0.638, 0.745)},
		["Right Arm"] = {["CFrame"] = CFrame.new(-0.462, -0.434, 0.303, -0.055, -0.773, 0.632, 0.499, 0.526, 0.688, -0.865, 0.353, 0.357)},
		["Right Leg"] = {["CFrame"] = CFrame.new(0.527, -0.138, 0.266, 0.957, 0.156, -0.245, -0.224, 0.934, -0.279, 0.185, 0.322, 0.929)},
	},
	[0.733] = {
		["Torso"] = {["CFrame"] = CFrame.new(0.135, -0.096, -0.279, 0.97, -0.031, 0.24, 0.074, 0.982, -0.172, -0.23, 0.184, 0.956)},
		["Head"] = {["CFrame"] = CFrame.new(0, 0, -0, 0.982, 0.015, -0.188, -0.065, 0.963, -0.263, 0.177, 0.271, 0.946)},
		["Left Arm"] = {["CFrame"] = CFrame.new(0.205, -0.41, 0.557, -0.598, 0.682, -0.42, -0.344, 0.255, 0.904, 0.724, 0.685, 0.083)},
		["Left Leg"] = {["CFrame"] = CFrame.new(-0.993, 0.369, -0.438, 0.91, -0.175, -0.376, 0.363, 0.775, 0.517, 0.201, -0.607, 0.769)},
		["Right Arm"] = {["CFrame"] = CFrame.new(-0.259, -0.561, 0.415, -0.461, -0.765, 0.451, 0.48, 0.212, 0.851, -0.746, 0.609, 0.269)},
		["Right Leg"] = {["CFrame"] = CFrame.new(0.629, -0.053, 0.24, 0.954, 0.176, -0.244, -0.233, 0.945, -0.231, 0.19, 0.277, 0.942)},
	},
	[0.75] = {
		["Torso"] = {["CFrame"] = CFrame.new(0.135, -0.105, -0.294, 0.972, -0.03, 0.232, 0.074, 0.98, -0.187, -0.221, 0.199, 0.955)},
		["Head"] = {["CFrame"] = CFrame.new(0, 0, -0, 0.983, -0.001, -0.182, -0.049, 0.962, -0.268, 0.175, 0.272, 0.946)},
		["Left Arm"] = {["CFrame"] = CFrame.new(0.091, -0.591, 0.567, -0.744, 0.6, -0.294, -0.324, 0.062, 0.944, 0.585, 0.798, 0.148)},
		["Left Leg"] = {["CFrame"] = CFrame.new(-1.023, 0.393, -0.426, 0.911, -0.177, -0.372, 0.358, 0.787, 0.502, 0.204, -0.591, 0.781)},
		["Right Arm"] = {["CFrame"] = CFrame.new(-0.158, -0.625, 0.472, -0.638, -0.693, 0.335, 0.416, 0.056, 0.908, -0.648, 0.718, 0.252)},
		["Right Leg"] = {["CFrame"] = CFrame.new(0.68, -0.011, 0.226, 0.952, 0.185, -0.243, -0.238, 0.949, -0.206, 0.193, 0.254, 0.948)},
	},
	[0.767] = {
		["Torso"] = {["CFrame"] = CFrame.new(0.13, -0.11, -0.295, 0.976, -0.03, 0.217, 0.073, 0.978, -0.194, -0.207, 0.205, 0.957)},
		["Head"] = {["CFrame"] = CFrame.new(0, 0, -0, 0.984, -0.01, -0.176, -0.039, 0.962, -0.27, 0.172, 0.273, 0.946)},
